0 1463143137.0553519726 0.0000000000
[1, -1.1869083e-06, 1.3485186e-06, 0;
 1.1869084e-06, 1, -1.5432493e-08, 0;
 -1.3485186e-06, 1.5434093e-08, 1, 0;
 -0.00024341147, -7.8519821e-05, 5.5109445e-05, 1]
32 1463143138.6554455757 0.0000000000
[0.98806769, 0.14446622, -0.053401664, 0;
 -0.1370233, 0.98283255, 0.12355068, 0;
 0.070333794, -0.11475916, 0.99090034, 0;
 0.35134104, 0.00077291788, -0.33371833, 1]
41 1463143139.1055521965 0.0000000000
[0.99701411, 0.056995444, -0.052099463, 0;
 -0.047864083, 0.98558885, 0.1622456, 0;
 0.060595911, -0.15926746, 0.98537403, 0;
 0.35993114, 0.10932698, -0.28462481, 1]
45 1463143139.3055789471 0.0000000000
[0.99856365, 0.021965103, -0.048869252, 0;
 -0.014874308, 0.98989868, 0.14099425, 0;
 0.05147256, -0.14006484, 0.98880351, 0;
 0.33849838, 0.14202671, -0.25439268, 1]
129 1463143143.5059773922 0.0000000000
[0.96278262, 0.073729351, -0.26002622, 0;
 -0.032840449, 0.98685712, 0.15822296, 0;
 0.2682744, -0.14379494, 0.95255017, 0;
 0.20940913, 0.054504242, -0.38034678, 1]
168 1463143145.4562253952 0.0000000000
[0.98360175, -0.11375803, -0.13995238, 0;
 0.11443537, 0.99342549, -0.0032245207, 0;
 0.13939907, -0.012843859, 0.99015301, 0;
 -0.17983605, 0.17700996, -0.17513491, 1]
204 1463143147.2563586235 0.0000000000
[0.99007016, 0.086739734, -0.11062253, 0;
 -0.083942652, 0.99602771, 0.029705219, 0;
 0.11275973, -0.020124301, 0.99341846, 0;
 0.21891505, -0.15366444, 0.21357049, 1]
211 1463143147.6090507507 0.0000000000
[0.98808259, 0.045304619, -0.14710659, 0;
 -0.044492513, 0.99897087, 0.0088080382, 0;
 0.14735425, -0.0021579273, 0.98908144, 0;
 0.29979318, -0.16295289, 0.20567346, 1]
289 1463143151.5067818165 0.0000000000
[0.97516787, -0.16064414, 0.15245037, 0;
 0.15362374, 0.98649323, 0.056840904, 0;
 -0.15952241, -0.032009423, 0.9866752, 0;
 -0.13234116, -0.17410946, 0.16994061, 1]
296 1463143151.8567106724 0.0000000000
[0.94158691, -0.25341493, 0.22179946, 0;
 0.23470254, 0.96610963, 0.10745634, 0;
 -0.24151364, -0.049122579, 0.96915329, 0;
 -0.28838173, -0.15622897, 0.13182549, 1]
303 1463143152.2097854614 0.0000000000
[0.91159898, -0.32924682, 0.24613784, 0;
 0.30057505, 0.94231796, 0.14728038, 0;
 -0.28043172, -0.060277753, 0.95797944, 0;
 -0.43970823, -0.095136203, 0.067217827, 1]
309 1463143152.5069062710 0.0000000000
[0.87893766, -0.39044061, 0.27390638, 0;
 0.35533974, 0.91915512, 0.16996323, 0;
 -0.31812301, -0.052057263, 0.94661915, 0;
 -0.57573026, 7.763374e-05, -0.0070767021, 1]
315 1463143152.8069434166 0.0000000000
[0.84681368, -0.43068755, 0.31211343, 0;
 0.38530606, 0.9012444, 0.19823654, 0;
 -0.36666852, -0.047610212, 0.92913264, 0;
 -0.70988023, 0.090002872, -0.069480725, 1]
321 1463143153.1093599796 0.0000000000
[0.79429889, -0.48558214, 0.3651017, 0;
 0.43339506, 0.87404114, 0.21959239, 0;
 -0.42574403, -0.016188728, 0.90469879, 0;
 -0.82104665, 0.18889101, -0.15291329, 1]
326 1463143153.3606781960 0.0000000000
[0.73688436, -0.55340248, 0.38826165, 0;
 0.4922888, 0.83289999, 0.25284249, 0;
 -0.46330678, 0.0048211976, 0.88618481, 0;
 -0.90604675, 0.28162447, -0.21803625, 1]
337 1463143153.9069643021 0.0000000000
[0.62411541, -0.63998443, 0.44821858, 0;
 0.56183708, 0.76625222, 0.31176376, 0;
 -0.54297245, 0.057249259, 0.83779681, 0;
 -1.0359219, 0.4136894, -0.42058754, 1]
341 1463143154.1090924740 0.0000000000
[0.58401024, -0.66293383, 0.4684557, 0;
 0.57098484, 0.74568105, 0.34341818, 0;
 -0.57698208, 0.066921368, 0.81401056, 0;
 -1.0707865, 0.44341162, -0.48739102, 1]
347 1463143154.4099760056 0.0000000000
[0.51492804, -0.69109398, 0.50718659, 0;
 0.58596605, 0.71561301, 0.38018656, 0;
 -0.62569398, 0.1014254, 0.7734468, 0;
 -1.1009418, 0.48720083, -0.56544954, 1]
352 1463143154.6591186523 0.0000000000
[0.46237668, -0.69603229, 0.54931486, 0;
 0.59006947, 0.70395821, 0.39529845, 0;
 -0.66183519, 0.14135715, 0.73620129, 0;
 -1.1269445, 0.49934444, -0.61360627, 1]
357 1463143154.9071340561 0.0000000000
[0.41926485, -0.69944602, 0.57878518, 0;
 0.59803224, 0.69244057, 0.40358827, 0;
 -0.68306255, 0.17692183, 0.70860726, 0;
 -1.163658, 0.50887358, -0.62328982, 1]
361 1463143155.1078822613 0.0000000000
[0.39513034, -0.69791108, 0.5973208, 0;
 0.60656381, 0.68654609, 0.4009175, 0;
 -0.68989301, 0.2038985, 0.69460279, 0;
 -1.1952398, 0.50696617, -0.61405903, 1]
369 1463143155.5071668625 0.0000000000
[0.33993176, -0.708242, 0.61874038, 0;
 0.63124967, 0.65951931, 0.40811533, 0;
 -0.69711566, 0.25184834, 0.67126912, 0;
 -1.2578349, 0.52240598, -0.59384036, 1]
373 1463143155.7073209286 0.0000000000
[0.30194807, -0.71368647, 0.63204348, 0;
 0.64764839, 0.64007288, 0.41335005, 0;
 -0.69955623, 0.28453168, 0.6554867, 0;
 -1.2835243, 0.54797691, -0.5955959, 1]
378 1463143155.9582598209 0.0000000000
[0.25195092, -0.71616447, 0.65086806, 0;
 0.66141343, 0.61839688, 0.42440265, 0;
 -0.70643687, 0.32356423, 0.62948644, 0;
 -1.3145339, 0.58597648, -0.60672265, 1]
383 1463143156.2072265148 0.0000000000
[0.20639144, -0.71579975, 0.66710818, 0;
 0.66746491, 0.60152525, 0.43892822, 0;
 -0.7154671, 0.35468024, 0.6019209, 0;
 -1.3484271, 0.61911166, -0.62253541, 1]
387 1463143156.4089846611 0.0000000000
[0.17307481, -0.71609449, 0.67620546, 0;
 0.67281967, 0.58736092, 0.44980085, 0;
 -0.71927655, 0.37711516, 0.58345985, 0;
 -1.3702065, 0.64772582, -0.63012695, 1]
394 1463143156.7581417561 0.0000000000
[0.11692054, -0.71451008, 0.68978614, 0;
 0.68574631, 0.56048411, 0.46433774, 0;
 -0.7183882, 0.4187277, 0.55550474, 0;
 -1.3933699, 0.71079314, -0.64433873, 1]
399 1463143157.0073785782 0.0000000000
[0.065188207, -0.71070713, 0.70046121, 0;
 0.68110073, 0.54470372, 0.48928487, 0;
 -0.72928202, 0.44518903, 0.51957136, 0;
 -1.4019945, 0.75224853, -0.69547021, 1]
405 1463143157.3074371815 0.0000000000
[0.0039648409, -0.71078956, 0.70339352, 0;
 0.67615575, 0.52013749, 0.52179533, 0;
 -0.73674804, 0.47353473, 0.4826667, 0;
 -1.416443, 0.802863, -0.75752831, 1]
414 1463143157.7574090958 0.0000000000
[-0.042301282, -0.7176947, 0.69507194, 0;
 0.68966293, 0.48238868, 0.5400613, 0;
 -0.72289389, 0.50221062, 0.47456175, 0;
 -1.4843038, 0.86187261, -0.74863827, 1]
420 1463143158.0574586391 0.0000000000
[-0.063119896, -0.72238928, 0.68859971, 0;
 0.67811751, 0.47519192, 0.56066865, 0;
 -0.73223805, 0.50234085, 0.45987076, 0;
 -1.5447679, 0.85818899, -0.7548396, 1]
424 1463143158.2589488029 0.0000000000
[-0.092977874, -0.71928179, 0.68846846, 0;
 0.68075007, 0.45867345, 0.57113749, 0;
 -0.72659099, 0.52177811, 0.44700465, 0;
 -1.5598799, 0.89041626, -0.76790476, 1]
429 1463143158.5081608295 0.0000000000
[-0.11186961, -0.71011847, 0.6951381, 0;
 0.68614882, 0.45080444, 0.57094234, 0;
 -0.718808, 0.54083925, 0.43681565, 0;
 -1.5956979, 0.91860753, -0.77665228, 1]
434 1463143158.7575354576 0.0000000000
[-0.18005967, -0.68544114, 0.70551324, 0;
 0.69532019, 0.41863748, 0.5841853, 0;
 -0.69577897, 0.59574586, 0.40122133, 0;
 -1.5678955, 1.008332, -0.84039462, 1]
438 1463143158.9576997757 0.0000000000
[-0.23251149, -0.6703648, 0.70466262, 0;
 0.68717009, 0.39949843, 0.6067934, 0;
 -0.68828458, 0.62530953, 0.36776668, 0;
 -1.5468379, 1.061731, -0.90537542, 1]
443 1463143159.2075805664 0.0000000000
[-0.28395626, -0.65323132, 0.70189577, 0;
 0.67741662, 0.38139367, 0.62900364, 0;
 -0.6785835, 0.6540854, 0.33421066, 0;
 -1.5289624, 1.1151826, -0.97347671, 1]
453 1463143159.7087066174 0.0000000000
[-0.35293069, -0.62161666, 0.69930869, 0;
 0.67024916, 0.35353139, 0.6525194, 0;
 -0.65284449, 0.69900525, 0.29186597, 0;
 -1.5461383, 1.2263649, -1.0490472, 1]
458 1463143159.9604427814 0.0000000000
[-0.38661131, -0.61148036, 0.6903792, 0;
 0.66620582, 0.33247679, 0.6675545, 0;
 -0.63773155, 0.71801877, 0.2788325, 0;
 -1.5600597, 1.3011669, -1.0689187, 1]
462 1463143160.1650829315 0.0000000000
[-0.41589969, -0.60113788, 0.68239331, 0;
 0.66607261, 0.30953315, 0.67862839, 0;
 -0.61917263, 0.73676485, 0.27166677, 0;
 -1.5631193, 1.3748636, -1.0802789, 1]
466 1463143160.3596403599 0.0000000000
[-0.44723073, -0.59233916, 0.67016339, 0;
 0.65465504, 0.29374951, 0.69651848, 0;
 -0.60943538, 0.75023031, 0.25640401, 0;
 -1.566895, 1.4374688, -1.1151025, 1]
471 1463143160.6076629162 0.0000000000
[-0.49046367, -0.56973082, 0.65943325, 0;
 0.63780254, 0.28096727, 0.71712297, 0;
 -0.5938462, 0.77231091, 0.22557153, 0;
 -1.555936, 1.5090652, -1.1848545, 1]
475 1463143160.8080489635 0.0000000000
[-0.51493841, -0.55214304, 0.6557259, 0;
 0.62504029, 0.2816579, 0.72800648, 0;
 -0.58665413, 0.78473365, 0.20007521, 0;
 -1.5595684, 1.547096, -1.2320096, 1]
480 1463143161.0583944321 0.0000000000
[-0.55265617, -0.52883488, 0.64413106, 0;
 0.59445471, 0.29156327, 0.74940938, 0;
 -0.58411878, 0.79707247, 0.15323415, 0;
 -1.5498797, 1.5748287, -1.3336103, 1]
484 1463143161.2574782372 0.0000000000
[-0.57909805, -0.51694733, 0.63040531, 0;
 0.57420981, 0.29028594, 0.76551759, 0;
 -0.57873011, 0.80529469, 0.12873222, 0;
 -1.5475671, 1.6059133, -1.3992872, 1]
488 1463143161.4604253769 0.0000000000
[-0.59776676, -0.51016074, 0.61839384, 0;
 0.57044375, 0.27130279, 0.77523464, 0;
 -0.56326628, 0.81616837, 0.12884222, 0;
 -1.5564628, 1.6720476, -1.4144753, 1]
493 1463143161.7077596188 0.0000000000
[-0.63006419, -0.48832923, 0.60378283, 0;
 0.56174308, 0.25021708, 0.78856587, 0;
 -0.53615654, 0.83601791, 0.11666275, 0;
 -1.5447887, 1.7726249, -1.4575472, 1]
497 1463143161.9078295231 0.0000000000
[-0.64635396, -0.47602838, 0.59634179, 0;
 0.55659854, 0.2404574, 0.79522216, 0;
 -0.52194315, 0.84591794, 0.10953612, 0;
 -1.558935, 1.8419598, -1.4863362, 1]
506 1463143162.3601117134 0.0000000000
[-0.69458586, -0.42620313, 0.57956994, 0;
 0.5263111, 0.24818298, 0.81326616, 0;
 -0.49045599, 0.86991727, 0.051931046, 0;
 -1.5302879, 1.9390017, -1.6634294, 1]
510 1463143162.5577621460 0.0000000000
[-0.71712452, -0.41625765, 0.55898303, 0;
 0.50347507, 0.24518137, 0.82849199, 0;
 -0.48191833, 0.87556589, 0.033749793, 0;
 -1.5042568, 1.9776552, -1.7269918, 1]
514 1463143162.7594628334 0.0000000000
[-0.75006539, -0.38417989, 0.53833789, 0;
 0.47776645, 0.24809957, 0.84272522, 0;
 -0.45731947, 0.88929886, -0.002542648, 0;
 -1.4246083, 2.0110853, -1.8328258, 1]
519 1463143163.0082597733 0.0000000000
[-0.78376341, -0.35188609, 0.5117529, 0;
 0.44995537, 0.24623646, 0.85843331, 0;
 -0.42808297, 0.90307462, -0.034658086, 0;
 -1.3354371, 2.0562, -1.9354639, 1]
526 1463143163.3578965664 0.0000000000
[-0.80435699, -0.3257997, 0.49685442, 0;
 0.44176763, 0.23124956, 0.86681312, 0;
 -0.39730483, 0.91672146, -0.042079438, 0;
 -1.3125045, 2.1430182, -1.9861122, 1]
530 1463143163.5590023994 0.0000000000
[-0.82008946, -0.30665016, 0.48313457, 0;
 0.42950788, 0.22803545, 0.87379795, 0;
 -0.37812209, 0.92410254, -0.055300806, 0;
 -1.2914255, 2.1944423, -2.0320768, 1]
534 1463143163.7578692436 0.0000000000
[-0.84175229, -0.28252172, 0.46003759, 0;
 0.40481442, 0.23347326, 0.88409024, 0;
 -0.35718116, 0.9304148, -0.082157768, 0;
 -1.2490553, 2.2345734, -2.1139002, 1]
538 1463143163.9581763744 0.0000000000
[-0.85779291, -0.25866607, 0.44416568, 0;
 0.3859134, 0.24667083, 0.88894564, 0;
 -0.33950278, 0.93394077, -0.1117698, 0;
 -1.2241979, 2.2532477, -2.2027385, 1]
542 1463143164.1580607891 0.0000000000
[-0.87005275, -0.24916695, 0.42535165, 0;
 0.36591581, 0.25175068, 0.89595044, 0;
 -0.33032382, 0.93516707, -0.12786226, 0;
 -1.2169077, 2.2798202, -2.2586091, 1]
546 1463143164.3599488735 0.0000000000
[-0.88333744, -0.23400985, 0.40614578, 0;
 0.34595576, 0.2591593, 0.9017489, 0;
 -0.31627455, 0.93705702, -0.14796804, 0;
 -1.1857548, 2.2984877, -2.3342087, 1]
550 1463143164.5609405041 0.0000000000
[-0.89175242, -0.22297482, 0.39377639, 0;
 0.33212996, 0.26853088, 0.90420181, 0;
 -0.30735534, 0.93710905, -0.16540645, 0;
 -1.1805193, 2.3110719, -2.4061918, 1]
555 1463143164.8105480671 0.0000000000
[-0.89896262, -0.20168914, 0.38882867, 0;
 0.33332089, 0.26094276, 0.90598345, 0;
 -0.28418905, 0.94404995, -0.16735058, 0;
 -1.176612, 2.383028, -2.4553514, 1]
560 1463143165.0582230091 0.0000000000
[-0.90833062, -0.19642858, 0.36925778, 0;
 0.31284428, 0.26689321, 0.9115352, 0;
 -0.27760398, 0.94349551, -0.18097571, 0;
 -1.19654, 2.4446352, -2.548532, 1]
565 1463143165.3082425594 0.0000000000
[-0.93510574, -0.16648333, 0.31282663, 0;
 0.25101721, 0.31192508, 0.91634768, 0;
 -0.25013509, 0.93540686, -0.24989276, 0;
 -1.073639, 2.4162359, -2.8012972, 1]
569 1463143165.5082230568 0.0000000000
[-0.94936764, -0.13164301, 0.28525645, 0;
 0.22995523, 0.32748118, 0.91644788, 0;
 -0.21406008, 0.93564212, -0.28062803, 0;
 -0.97071886, 2.4370801, -2.9400558, 1]
573 1463143165.7109947205 0.0000000000
[-0.95325273, -0.11817354, 0.27810836, 0;
 0.22834304, 0.32108462, 0.91911048, 0;
 -0.19791086, 0.93964869, -0.27909067, 0;
 -0.9649896, 2.5049329, -2.9853418, 1]
579 1463143166.0097794533 0.0000000000
[-0.95246089, -0.11608863, 0.28167662, 0;
 0.22808707, 0.34123182, 0.91188657, 0;
 -0.20197669, 0.93278307, -0.29853165, 0;
 -1.0551113, 2.5181174, -3.1164711, 1]
584 1463143166.2582812309 0.0000000000
[-0.95764863, -0.11194605, 0.26528698, 0;
 0.20617101, 0.3765713, 0.90315425, 0;
 -0.20100401, 0.91959888, -0.33754298, 0;
 -1.0865438, 2.4859333, -3.3139153, 1]
589 1463143166.5082657337 0.0000000000
[-0.96560681, -0.1102659, 0.23546757, 0;
 0.17494158, 0.39444426, 0.90211374, 0;
 -0.19235122, 0.9122802, -0.36158794, 0;
 -1.0681609, 2.4955003, -3.4609482, 1]
593 1463143166.7088677883 0.0000000000
[-0.9723205, -0.10881371, 0.20676656, 0;
 0.14393945, 0.41811815, 0.89691621, 0;
 -0.18404964, 0.90185189, -0.39088228, 0;
 -1.0201505, 2.4589601, -3.6098905, 1]
598 1463143166.9583921432 0.0000000000
[-0.97431308, -0.10435245, 0.19956098, 0;
 0.13945544, 0.41621959, 0.89850622, 0;
 -0.17682253, 0.90325624, -0.39097568, 0;
 -1.032186, 2.5270324, -3.6960673, 1]
602 1463143167.1583757401 0.0000000000
[-0.98026234, -0.085184857, 0.17840759, 0;
 0.1257693, 0.42756635, 0.89519221, 0;
 -0.15253791, 0.89996141, -0.40841356, 0;
 -0.95081973, 2.55316, -3.8428276, 1]
606 1463143167.3608253002 0.0000000000
[-0.9831655, -0.10035404, 0.15269157, 0;
 0.091803811, 0.45122501, 0.88767564, 0;
 -0.15798008, 0.88674968, -0.43441597, 0;
 -0.94041258, 2.5195923, -4.0168262, 1]
611 1463143167.6141693592 0.0000000000
[-0.98851496, -0.091332011, 0.12040176, 0;
 0.063599505, 0.47130519, 0.87967408, 0;
 -0.13708839, 0.8772285, -0.46008357, 0;
 -0.8338753, 2.507865, -4.199091, 1]
615 1463143167.8082182407 0.0000000000
[-0.99177444, -0.081628039, 0.098591447, 0;
 0.050329644, 0.45951727, 0.8867417, 0;
 -0.11768746, 0.88440984, -0.45162919, 0;
 -0.75046891, 2.609025, -4.2603698, 1]
620 1463143168.0584771633 0.0000000000
[-0.99289662, -0.085654847, 0.082580738, 0;
 0.031182552, 0.4824754, 0.87535429, 0;
 -0.11482152, 0.87171137, -0.47637725, 0;
 -0.7261374, 2.5679448, -4.4497085, 1]
624 1463143168.2584016323 0.0000000000
[-0.99554998, -0.054276854, 0.077034459, 0;
 0.038407404, 0.51278836, 0.85765553, 0;
 -0.086053215, 0.85679764, -0.50842178, 0;
 -0.64889544, 2.5069437, -4.650712, 1]
628 1463143168.4584846497 0.0000000000
[-0.99401182, -0.071323559, 0.082785919, 0;
 0.030252004, 0.54837543, 0.83568484, 0;
 -0.10500178, 0.83318502, -0.542934, 0;
 -0.74243206, 2.3735437, -4.8360176, 1]
632 1463143168.6585154533 0.0000000000
[-0.99578208, -0.059916768, 0.069484279, 0;
 0.020262424, 0.59500998, 0.80346286, 0;
 -0.089484736, 0.80148178, -0.59128624, 0;
 -0.67588329, 2.1690171, -5.0658159, 1]
636 1463143168.8651304245 0.0000000000
[-0.99840754, -0.053111222, 0.019016724, 0;
 -0.017324379, 0.60947186, 0.79261839, 0;
 -0.053687092, 0.79102671, -0.60942137, 0;
 -0.42570287, 2.13726, -5.2418504, 1]
640 1463143169.0586991310 0.0000000000
[-0.99864483, -0.018645419, -0.048588265, 0;
 -0.049037229, 0.64981192, 0.75851154, 0;
 0.017430469, 0.7598663, -0.64984566, 0;
 0.00095540337, 1.9472206, -5.4894252, 1]
644 1463143169.2603945732 0.0000000000
[-0.9890998, 0.0064877691, -0.14710385, 0;
 -0.1006684, 0.69928706, 0.70771712, 0;
 0.10745931, 0.71481156, -0.69101155, 0;
 0.59719485, 1.6534938, -5.688808, 1]
648 1463143169.4595558643 0.0000000000
[-0.97101265, 0.040765475, -0.23552631, 0;
 -0.13978839, 0.7024315, 0.69788909, 0;
 0.19389088, 0.71058297, -0.67637134, 0;
 1.1606078, 1.6680504, -5.696538, 1]
651 1463143169.6145753860 0.0000000000
[-0.95051581, 0.07008978, -0.30266675, 0;
 -0.16520633, 0.7110278, 0.6834811, 0;
 0.26310951, 0.69966203, -0.66426384, 0;
 1.6093251, 1.6127672, -5.6814985, 1]
655 1463143169.8084700108 0.0000000000
[-0.93846452, 0.078915171, -0.33623904, 0;
 -0.1827092, 0.71272552, 0.6772294, 0;
 0.29308981, 0.69698977, -0.65444911, 0;
 1.8635623, 1.6157576, -5.743485, 1]
659 1463143170.0113453865 0.0000000000
[-0.94650972, 0.096146032, -0.30801836, 0;
 -0.14301395, 0.73070002, 0.66755116, 0;
 0.28925142, 0.67589456, -0.67786443, 0;
 1.7799145, 1.4881672, -5.9663, 1]
663 1463143170.2120969296 0.0000000000
[-0.95176041, 0.10475659, -0.28840628, 0;
 -0.084347919, 0.81438667, 0.57416004, 0;
 0.2950213, 0.57078928, -0.76626498, 0;
 1.6765085, 0.69382066, -6.2752852, 1]
667 1463143170.4086818695 0.0000000000
[-0.93291825, 0.1558686, -0.32460517, 0;
 -0.059442747, 0.82242972, 0.56575257, 0;
 0.35514799, 0.54709631, -0.75799441, 0;
 1.9838669, 0.56736553, -6.3245611, 1]
671 1463143170.6107578278 0.0000000000
[-0.92867881, 0.14555125, -0.34113127, 0;
 -0.063904725, 0.84322351, 0.53375113, 0;
 0.36533806, 0.51748323, -0.77378237, 0;
 2.1101179, 0.33371413, -6.4692554, 1]
675 1463143170.8087651730 0.0000000000
[-0.93473798, 0.089459069, -0.34389234, 0;
 -0.11968755, 0.83197385, 0.54175127, 0;
 0.33457398, 0.54755515, -0.7669704, 0;
 2.1759827, 0.54606581, -6.6126313, 1]
679 1463143171.0116000175 0.0000000000
[-0.9209826, 0.028335683, -0.38857186, 0;
 -0.23983304, 0.74475241, 0.62275511, 0;
 0.30703604, 0.66673905, -0.6791082, 0;
 2.4910886, 1.5709176, -6.5010185, 1]
683 1463143171.2086648941 0.0000000000
[-0.89476514, -0.039417438, -0.44479391, 0;
 -0.33836144, 0.70985276, 0.61775452, 0;
 0.29138786, 0.7032463, -0.64848882, 0;
 2.8135967, 1.9127046, -6.4599047, 1]
688 1463143171.4588088989 0.0000000000
[-0.89489943, -0.081648968, -0.43873504, 0;
 -0.36024368, 0.71243453, 0.60221386, 0;
 0.26339984, 0.69697237, -0.66697079, 0;
 2.7977896, 1.9168955, -6.7551832, 1]
693 1463143171.7087538242 0.0000000000
[-0.91976768, -0.049776785, -0.38929388, 0;
 -0.30092779, 0.72618955, 0.61813521, 0;
 0.25193238, 0.68569016, -0.6829049, 0;
 2.5562496, 1.8785809, -7.1267867, 1]
698 1463143171.9588098526 0.0000000000
[-0.8371219, -0.17263742, -0.5190599, 0;
 -0.51011622, 0.58897901, 0.62680554, 0;
 0.19750528, 0.78949356, -0.58111238, 0;
 3.0697079, 3.1081958, -6.7259278, 1]
703 1463143172.2088301182 0.0000000000
[-0.81320441, -0.13904028, -0.56512505, 0;
 -0.51559019, 0.62251312, 0.58876497, 0;
 0.26993573, 0.77015924, -0.57791823, 0;
 3.6727359, 2.9231114, -6.8246355, 1]
715 1463143172.8088786602 0.0000000000
[-0.72043151, -0.11055673, -0.68465734, 0;
 -0.60805506, 0.57547247, 0.54690081, 0;
 0.33353791, 0.81031388, -0.48181307, 0;
 4.6926808, 3.5675495, -6.5266557, 1]
720 1463143173.0588104725 0.0000000000
[-0.70866168, -0.11895462, -0.6954484, 0;
 -0.61353081, 0.5906204, 0.5241636, 0;
 0.3483943, 0.79813367, -0.49153233, 0;
 4.8645883, 3.504421, -6.7176614, 1]
726 1463143173.3589544296 0.0000000000
[-0.65651315, -0.072840743, -0.7507894, 0;
 -0.66422546, 0.52752954, 0.52963865, 0;
 0.35748434, 0.84640819, -0.39471275, 0;
 5.253334, 4.2285633, -6.2687149, 1]
731 1463143173.6091294289 0.0000000000
[-0.54120642, -0.011886955, -0.84080577, 0;
 -0.70778817, 0.54631031, 0.44786268, 0;
 0.4540171, 0.83749855, -0.30408007, 0;
 6.373776, 4.1914444, -5.4927897, 1]
736 1463143173.8611629009 0.0000000000
[-0.47370362, 0.08293131, -0.87677091, 0;
 -0.74001318, 0.50227588, 0.44732472, 0;
 0.47747812, 0.86072141, -0.17655964, 0;
 6.8327599, 4.7562251, -4.6886096, 1]
741 1463143174.1114993095 0.0000000000
[-0.43451118, 0.13620891, -0.89030737, 0;
 -0.75041813, 0.49189034, 0.44149351, 0;
 0.49806893, 0.85993665, -0.11151822, 0;
 7.1664433, 4.9065261, -4.3661857, 1]
746 1463143174.3590683937 0.0000000000
[-0.4085294, 0.12137172, -0.90463948, 0;
 -0.7321285, 0.54828948, 0.40418625, 0;
 0.54506105, 0.82743436, -0.13513267, 0;
 7.548728, 4.4323602, -4.6586752, 1]
751 1463143174.6132106781 0.0000000000
[-0.42679283, 0.17539571, -0.88717765, 0;
 -0.72965175, 0.51278746, 0.45239064, 0;
 0.53428102, 0.84040785, -0.090876229, 0;
 7.4416327, 4.8866758, -4.7140203, 1]
756 1463143174.8616747856 0.0000000000
[-0.35578743, 0.19063908, -0.9149164, 0;
 -0.79429835, 0.45416456, 0.40351543, 0;
 0.49244842, 0.87028229, -0.010161745, 0;
 7.5883236, 5.5078797, -4.0934091, 1]
760 1463143175.0620050430 0.0000000000
[-0.30288061, 0.23196982, -0.92436647, 0;
 -0.81681335, 0.43651849, 0.37718377, 0;
 0.4909983, 0.86927652, 0.057263054, 0;
 7.8169913, 5.7615685, -3.6091998, 1]
765 1463143175.3092038631 0.0000000000
[-0.26632306, 0.27473092, -0.92390203, 0;
 -0.80248541, 0.46776813, 0.37041888, 0;
 0.53393745, 0.840069, 0.095890127, 0;
 8.2006197, 5.5277038, -3.4805853, 1]
769 1463143175.5092079639 0.0000000000
[-0.28252816, 0.27087042, -0.92022121, 0;
 -0.78890133, 0.48013714, 0.38354018, 0;
 0.54572207, 0.8343246, 0.078037761, 0;
 8.2027645, 5.4298882, -3.9268019, 1]
773 1463143175.7098028660 0.0000000000
[-0.33093172, 0.20328781, -0.92149782, 0;
 -0.77978128, 0.4910349, 0.38836312, 0;
 0.5314371, 0.8470884, -0.0039790017, 0;
 7.849648, 5.3601794, -4.908699, 1]
778 1463143175.9592661858 0.0000000000
[-0.29664767, 0.20496066, -0.93273324, 0;
 -0.81867158, 0.44830745, 0.35888335, 0;
 0.49170822, 0.87006414, 0.034806117, 0;
 7.7802744, 5.8544636, -4.720902, 1]
783 1463143176.2120501995 0.0000000000
[-0.25932863, 0.19520892, -0.94585526, 0;
 -0.82350826, 0.46695748, 0.32215664, 0;
 0.50456202, 0.86246401, 0.039660715, 0;
 8.005271, 5.6876378, -4.846087, 1]
789 1463143176.5092434883 0.0000000000
[-0.30175975, 0.23874043, -0.92300814, 0;
 -0.73640513, 0.55651915, 0.38469979, 0;
 0.60551512, 0.79579484, 0.0078745829, 0;
 8.1613092, 4.8510952, -5.7316184, 1]
794 1463143176.7593216896 0.0000000000
[-0.27719846, 0.22743826, -0.93350565, 0;
 -0.7285701, 0.58363849, 0.35854119, 0;
 0.62637579, 0.77951139, 0.0039210268, 0;
 8.3102455, 4.5341406, -6.0000749, 1]
800 1463143177.0593464375 0.0000000000
[-0.29723909, 0.22344327, -0.92828983, 0;
 -0.72780955, 0.57627285, 0.37175646, 0;
 0.61801469, 0.78611875, -0.0086666867, 0;
 8.0186796, 4.7160039, -6.527576, 1]
806 1463143177.3622360229 0.0000000000
[-0.25471947, 0.2090563, -0.94414693, 0;
 -0.78090149, 0.53139853, 0.32834193, 0;
 0.57036024, 0.82092083, 0.027894815, 0;
 8.0196562, 5.2061133, -6.4607987, 1]
810 1463143177.5594122410 0.0000000000
[-0.19110249, 0.25056764, -0.94904989, 0;
 -0.77231288, 0.55835921, 0.30293208, 0;
 0.60581571, 0.79085451, 0.086812779, 0;
 8.530817, 5.0872302, -6.0910597, 1]
814 1463143177.7593951225 0.0000000000
[-0.17740674, 0.25137794, -0.95149148, 0;
 -0.78589016, 0.54576534, 0.29071787, 0;
 0.59237111, 0.79934305, 0.10073299, 0;
 8.5158176, 5.259285, -6.1768012, 1]
819 1463143178.0094530582 0.0000000000
[-0.20604613, 0.21641015, -0.95431215, 0;
 -0.75965315, 0.57936651, 0.29540062, 0;
 0.61682415, 0.78581238, 0.045020424, 0;
 8.3316994, 4.7891564, -7.0561123, 1]
824 1463143178.2594819069 0.0000000000
[-0.2462984, 0.21461074, -0.94513458, 0;
 -0.76237774, 0.55922204, 0.32565466, 0;
 0.59842902, 0.80075777, 0.02587896, 0;
 7.8482695, 5.0713739, -7.6455712, 1]
829 1463143178.5117838383 0.0000000000
[-0.21762756, 0.25284815, -0.94271207, 0;
 -0.80142224, 0.50500327, 0.32045916, 0;
 0.55710018, 0.82525116, 0.092735507, 0;
 7.831387, 5.8339992, -7.3885889, 1]
834 1463143178.7595245838 0.0000000000
[-0.14962757, 0.29602975, -0.94338644, 0;
 -0.78036898, 0.55054063, 0.29652867, 0;
 0.60715383, 0.78055841, 0.14863639, 0;
 8.4985304, 5.597425, -7.1008692, 1]
839 1463143179.0095188618 0.0000000000
[-0.15531066, 0.28370062, -0.94625187, 0;
 -0.76946855, 0.56596333, 0.29597914, 0;
 0.61951333, 0.77407974, 0.13039856, 0;
 8.420661, 5.3800116, -7.6200585, 1]
845 1463143179.3102076054 0.0000000000
[-0.20831287, 0.26614812, -0.94115406, 0;
 -0.7157886, 0.61427152, 0.3321403, 0;
 0.66652262, 0.74285644, 0.062545121, 0;
 7.9766088, 4.8158216, -8.721961, 1]
851 1463143179.6114354134 0.0000000000
[-0.23219973, 0.10310866, -0.96718764, 0;
 -0.75332481, 0.60995424, 0.24588132, 0;
 0.61529267, 0.78569996, -0.063956894, 0;
 7.4645338, 3.8821843, -9.9090166, 1]
857 1463143179.9120707512 0.0000000000
[-0.20372579, 0.014931287, -0.97891414, 0;
 -0.69004834, 0.70710373, 0.15439415, 0;
 0.69449914, 0.70695215, -0.13375196, 0;
 7.8631015, 1.9413224, -10.4544, 1]
865 1463143180.3096668720 0.0000000000
[-0.25877219, -0.004344678, -0.96592861, 0;
 -0.70077956, 0.68906915, 0.18463939, 0;
 0.66478944, 0.72468257, -0.18135661, 0;
 6.9780021, 1.9603987, -11.423679, 1]
873 1463143180.7102551460 0.0000000000
[-0.30095369, 0.042230118, -0.95270324, 0;
 -0.72947168, 0.63328117, 0.25850728, 0;
 0.61424583, 0.77276874, -0.15978262, 0;
 6.1823101, 3.0244446, -12.085505, 1]
881 1463143181.1126930714 0.0000000000
[-0.19932386, 0.061998539, -0.97797042, 0;
 -0.68993431, 0.69983673, 0.18498436, 0;
 0.6958884, 0.71160716, -0.096719243, 0;
 7.4317164, 2.3295832, -11.940054, 1]
887 1463143181.4097812176 0.0000000000
[-0.18185785, 0.063014165, -0.98130369, 0;
 -0.70931727, 0.68274504, 0.17529489, 0;
 0.68102628, 0.72793436, -0.079465501, 0;
 7.4551568, 2.5684741, -12.190561, 1]
894 1463143181.7598016262 0.0000000000
[-0.16992603, 0.053581189, -0.98399907, 0;
 -0.78183788, 0.60050112, 0.16771375, 0;
 0.59987885, 0.79782671, -0.060148966, 0;
 7.2584586, 3.4081819, -12.495857, 1]
900 1463143182.0598034859 0.0000000000
[-0.10864852, 0.11023681, -0.98794907, 0;
 -0.75958502, 0.63190293, 0.15404311, 0;
 0.64126909, 0.76716787, 0.015078916, 0;
 8.0423822, 3.6701801, -12.276826, 1]
906 1463143182.3598434925 0.0000000000
[-0.11495319, 0.084858619, -0.98973978, 0;
 -0.72878033, 0.66984612, 0.14207557, 0;
 0.67502964, 0.7376349, -0.015157654, 0;
 7.9787097, 2.8799491, -12.877535, 1]
914 1463143182.7627897263 0.0000000000
[-0.1728379, 0.12303963, -0.97723502, 0;
 -0.74673015, 0.63061506, 0.21146798, 0;
 0.64227808, 0.76628053, -0.017116787, 0;
 7.0160265, 3.7918465, -13.651561, 1]
920 1463143183.0596997738 0.0000000000
[-0.070487373, 0.06428387, -0.99543917, 0;
 -0.77164805, 0.62887692, 0.095252514, 0;
 0.63213193, 0.7748428, 0.0052766404, 0;
 8.3080816, 3.1333659, -13.46806, 1]
927 1463143183.4114103317 0.0000000000
[-0.051599968, 0.064974472, -0.99655193, 0;
 -0.74869686, 0.65786386, 0.081658654, 0;
 0.66090125, 0.7503289, 0.014700428, 0;
 8.5864592, 2.7310629, -13.793453, 1]
934 1463143183.7600331306 0.0000000000
[-0.12372098, 0.0048216674, -0.99230534, 0;
 -0.70458359, 0.70372736, 0.091267183, 0;
 0.69875252, 0.71045375, -0.083668575, 0;
 7.5567737, 1.3774821, -14.995781, 1]
941 1463143184.1127026081 0.0000000000
[-0.05924591, -0.038474936, -0.99750167, 0;
 -0.73645055, 0.67626089, 0.017656699, 0;
 0.67389208, 0.73565674, -0.068400577, 0;
 8.3758993, 1.0077982, -15.002755, 1]
950 1463143184.5601260662 0.0000000000
[-0.035346817, -0.00095729949, -0.99937463, 0;
 -0.66637331, 0.74526793, 0.022855023, 0;
 0.74478, 0.66676444, -0.026980767, 0;
 8.7210836, 0.56204468, -15.326557, 1]
967 1463143185.4131267071 0.0000000000
[-0.070923425, -0.058720019, -0.99575192, 0;
 -0.66656429, 0.74543923, 0.0035177607, 0;
 0.74206597, 0.66398215, -0.092009775, 0;
 8.0325317, -0.42086169, -16.727154, 1]
976 1463143185.8602523804 0.0000000000
[-0.36388758, 0.040022813, -0.93058264, 0;
 -0.5337379, 0.80982298, 0.24353774, 0;
 0.76335424, 0.5853076, -0.27332282, 0;
 2.5665431, 0.083328612, -18.905199, 1]
983 1463143186.2130777836 0.0000000000
[-0.63806498, 0.2253623, -0.73626417, 0;
 -0.33505204, 0.77967012, 0.52901286, 0;
 0.69326276, 0.58423138, -0.4219721, 0;
 -3.8605664, 3.287919, -18.725903, 1]
986 1463143186.3628213406 0.0000000000
[-0.59746003, 0.13560912, -0.79034907, 0;
 -0.39485961, 0.808079, 0.43714318, 0;
 0.69794512, 0.5732525, -0.42924836, 0;
 -2.9504035, 1.5523907, -19.302208, 1]
993 1463143186.7103121281 0.0000000000
[-0.54637444, 0.076272391, -0.83406085, 0;
 -0.46878552, 0.79739112, 0.38000989, 0;
 0.69405699, 0.59862334, -0.39991876, 0;
 -2.0482962, 0.84163851, -19.889088, 1]
1000 1463143187.0604407787 0.0000000000
[-0.57969302, 0.038209971, -0.81393856, 0;
 -0.4980953, 0.77392411, 0.39107862, 0;
 0.6448698, 0.63212454, -0.4296062, 0;
 -3.2195098, 0.51279449, -20.143639, 1]
1007 1463143187.4103918076 0.0000000000
[-0.5048601, 0.023634301, -0.86287755, 0;
 -0.55920553, 0.75254649, 0.34779727, 0;
 0.65757543, 0.65811485, -0.3667143, 0;
 -1.7370602, 0.47523597, -20.681873, 1]
1025 1463143188.3104939461 0.0000000000
[-0.48644379, -0.048715949, -0.87235266, 0;
 -0.51631838, 0.82148278, 0.24203579, 0;
 0.70483172, 0.56814855, -0.42475817, 0;
 -2.2471275, -2.0005167, -21.522934, 1]
1036 1463143188.8666663170 0.0000000000
[-0.071129702, -0.094546437, -0.99297613, 0;
 -0.44225657, 0.89528763, -0.05356491, 0;
 0.89406359, 0.43534017, -0.10549533, 0;
 6.3386216, -4.3300562, -20.98781, 1]
1047 1463143189.4123435020 0.0000000000
[-0.099541597, -0.16719545, -0.98088592, 0;
 -0.19589162, 0.96978271, -0.14542353, 0;
 0.97556031, 0.17767163, -0.1292859, 0;
 4.5170903, -7.8663559, -21.005268, 1]
1058 1463143189.9606330395 0.0000000000
[-0.10565528, -0.049248803, -0.99318254, 0;
 -0.11070379, 0.99314684, -0.037470307, 0;
 0.98822147, 0.10599013, -0.11038324, 0;
 3.6941545, -5.9102073, -22.413786, 1]
1070 1463143190.5607235432 0.0000000000
[-0.14425969, -0.0060064788, -0.98952162, 0;
 -0.31480977, 0.94830567, 0.040138971, 0;
 0.93812788, 0.31730151, -0.13869318, 0;
 3.3132644, -3.5536208, -23.601274, 1]
1082 1463143191.1635880470 0.0000000000
[-0.31942698, -0.044506162, -0.94656515, 0;
 -0.51576513, 0.84614372, 0.13426514, 0;
 0.79495454, 0.53109324, -0.29323587, 0;
 -0.66330904, -2.8570585, -24.605507, 1]
1094 1463143191.7608051300 0.0000000000
[-0.37554836, -0.085252732, -0.92287344, 0;
 -0.58805984, 0.79156184, 0.16617893, 0;
 0.71634418, 0.60511309, -0.34740347, 0;
 -2.5062346, -3.3365819, -25.112867, 1]
1118 1463143192.9610185623 0.0000000000
[-0.22645296, -0.072464414, -0.97132277, 0;
 -0.66460913, 0.74050957, 0.099701263, 0;
 0.71204901, 0.6681276, -0.21585108, 0;
 0.74848592, -2.8109536, -26.75223, 1]
1130 1463143193.5610709190 0.0000000000
[-0.27101842, -0.1305488, -0.95368028, 0;
 -0.62954301, 0.77352709, 0.07301683, 0;
 0.72816527, 0.62017161, -0.29182616, 0;
 -0.9049508, -4.8663449, -27.239117, 1]
1140 1463143194.0610303879 0.0000000000
[-0.43921611, -0.20718455, -0.87416464, 0;
 -0.5972749, 0.7941972, 0.11186375, 0;
 0.67108268, 0.57124895, -0.47257033, 0;
 -6.2353778, -7.4611068, -26.562027, 1]
1152 1463143194.6639745235 0.0000000000
[-0.5148772, -0.15190589, -0.84369785, 0;
 -0.52321899, 0.83529145, 0.16890858, 0;
 0.67907542, 0.5284059, -0.50955254, 0;
 -9.3713808, -6.5839062, -26.592632, 1]
1162 1463143195.1612055302 0.0000000000
[-0.50281119, -0.15726833, -0.84996915, 0;
 -0.56481165, 0.80413878, 0.18533388, 0;
 0.65434599, 0.57326043, -0.49315694, 0;
 -9.3664989, -6.5761046, -27.256273, 1]
1175 1463143195.8143093586 0.0000000000
[-0.22454235, -0.11851754, -0.96723026, 0;
 -0.65282822, 0.75520349, 0.059016682, 0;
 0.72346115, 0.64468694, -0.24694677, 0;
 -1.0548921, -5.1287045, -29.953915, 1]
1189 1463143196.5112984180 0.0000000000
[0.21332043, -0.25293639, -0.94367236, 0;
 -0.5514645, 0.76614493, -0.33001345, 0;
 0.80646223, 0.5908004, 0.023948928, 0;
 12.003064, -9.7961435, -27.617746, 1]
1202 1463143197.1613502502 0.0000000000
[0.26560381, -0.43118653, -0.86228347, 0;
 -0.12029486, 0.87259626, -0.47339714, 0;
 0.95654786, 0.22946437, 0.17989539, 0;
 12.375358, -16.866795, -23.107574, 1]
1214 1463143197.7614166737 0.0000000000
[0.36177269, -0.28802359, -0.88665831, 0;
 -0.44806892, 0.78030729, -0.43629661, 0;
 0.81752968, 0.55512422, 0.15323946, 0;
 15.967489, -11.4118, -25.803572, 1]
1228 1463143198.4615197182 0.0000000000
[0.31072545, -0.35286212, -0.88257468, 0;
 -0.56127489, 0.68124461, -0.46997476, 0;
 0.76708555, 0.6414001, 0.013627393, 0;
 14.887714, -13.169394, -26.73304, 1]
1241 1463143199.1138308048 0.0000000000
[0.36686853, -0.13939513, -0.91976982, 0;
 -0.59740895, 0.72259086, -0.34780025, 0;
 0.71309894, 0.67707568, 0.18181995, 0;
 16.964539, -6.4756355, -28.849895, 1]
1255 1463143199.8116860390 0.0000000000
[0.35803652, -0.049560472, -0.93239135, 0;
 -0.57043386, 0.77895498, -0.26045024, 0;
 0.73919892, 0.62511832, 0.25062338, 0;
 16.840893, -3.9624643, -30.342119, 1]
1269 1463143200.5145957470 0.0000000000
[0.05189402, -0.062294155, -0.9967078, 0;
 -0.60014516, 0.79578108, -0.080983065, 0;
 0.79820597, 0.60237193, 0.0039107441, 0;
 6.4382911, -4.7051511, -34.864254, 1]
1283 1463143201.2117900848 0.0000000000
[0.020304795, -0.075036958, -0.99697399, 0;
 -0.50059909, 0.86241508, -0.075104833, 0;
 0.86544108, 0.50060928, -0.020052269, 0;
 4.7604146, -5.8566918, -35.7854, 1]
1296 1463143201.8646590710 0.0000000000
[-0.095828079, 0.0032646875, -0.99539256, 0;
 -0.60480392, 0.79404783, 0.060829785, 0;
 0.7905879, 0.6078465, -0.074117579, 0;
 0.62442786, -2.6209438, -37.267822, 1]
1305 1463143202.3118937016 0.0000000000
[-0.038775325, 0.04688409, -0.99814749, 0;
 -0.57471925, 0.81609941, 0.060659379, 0;
 0.81743151, 0.57600665, -0.0046993336, 0;
 2.4558935, -1.2056071, -37.798664, 1]
1313 1463143202.7118721008 0.0000000000
[-0.044353943, 0.031030554, -0.99853384, 0;
 -0.55344611, 0.83135748, 0.050418925, 0;
 0.83170313, 0.55487096, -0.019700242, 0;
 1.9728818, -1.9006616, -38.303432, 1]
1321 1463143203.1143321991 0.0000000000
[0.038252331, -0.074683048, -0.99647337, 0;
 -0.57654089, 0.81283641, -0.083052024, 0;
 0.81617242, 0.57768458, -0.011964942, 0;
 5.0756335, -5.887085, -38.12608, 1]
1332 1463143203.6619734764 0.0000000000
[0.050260141, -0.053754669, -0.99728853, 0;
 -0.52531135, 0.84784371, -0.072173476, 0;
 0.84942442, 0.52751446, 0.014374805, 0;
 5.107738, -5.4249167, -38.939732, 1]
1345 1463143204.3120892048 0.0000000000
[0.19109242, 0.0027672194, -0.98156816, 0;
 -0.51847857, 0.84939343, -0.098543197, 0;
 0.83346486, 0.52775294, 0.16374739, 0;
 10.337094, -3.309124, -38.951004, 1]
1355 1463143204.8121147156 0.0000000000
[0.20684972, 0.026937185, -0.97800183, 0;
 -0.53845519, 0.83774668, -0.09081044, 0;
 0.81687158, 0.5453943, 0.18779214, 0;
 10.861387, -2.3151479, -39.528091, 1]
1364 1463143205.2621674538 0.0000000000
[0.22541963, 0.012501921, -0.97418153, 0;
 -0.55841649, 0.82102776, -0.11867769, 0;
 0.7983464, 0.57075137, 0.19205706, 0;
 11.574611, -2.9032373, -39.882301, 1]
1374 1463143205.7622382641 0.0000000000
[0.20772816, -0.08384598, -0.97458649, 0;
 -0.48077282, 0.85892451, -0.17636959, 0;
 0.85188407, 0.50519162, 0.13811193, 0;
 10.338203, -7.1360393, -40.365101, 1]
1387 1463143206.4126639366 0.0000000000
[0.22802563, -0.013262295, -0.9735648, 0;
 -0.4632096, 0.87802511, -0.12045247, 0;
 0.85641181, 0.47843081, 0.194069, 0;
 10.925945, -4.302999, -41.456226, 1]
1397 1463143206.9152519703 0.0000000000
[0.22574122, -0.03063013, -0.97370565, 0;
 -0.4962109, 0.8565135, -0.14198375, 0;
 0.838341, 0.51521492, 0.1781514, 0;
 10.791793, -5.0530758, -42.043362, 1]
1407 1463143207.4123795033 0.0000000000
[0.28614914, -0.026093036, -0.95782977, 0;
 -0.51957357, 0.83568174, -0.17798676, 0;
 0.80508506, 0.54859376, 0.22557238, 0;
 13.391693, -4.8810654, -41.956577, 1]
1417 1463143207.9124395847 0.0000000000
[0.29185992, -0.027053406, -0.95607841, 0;
 -0.48449579, 0.85768366, -0.17217016, 0;
 0.82467061, 0.51346552, 0.23721623, 0;
 13.318473, -5.0544739, -42.61721, 1]
1428 1463143208.4624998569 0.0000000000
[0.38365397, 0.0017587215, -0.92347527, 0;
 -0.51306927, 0.83186466, -0.21156824, 0;
 0.76783437, 0.55497575, 0.32005054, 0;
 17.497808, -3.8428161, -41.956703, 1]
1437 1463143208.9125621319 0.0000000000
[0.41937813, -0.039981075, -0.9069308, 0;
 -0.44566649, 0.8612898, -0.24405177, 0;
 0.79088771, 0.50653863, 0.34338787, 0;
 18.752403, -5.8116822, -41.781223, 1]
1448 1463143209.4625377655 0.0000000000
[0.50865924, -0.043297254, -0.85987854, 0;
 -0.4664371, 0.82561219, -0.31749165, 0;
 0.72367275, 0.56257433, 0.3997598, 0;
 22.972523, -6.0755434, -40.304031, 1]
1457 1463143209.9126627445 0.0000000000
[0.60154104, -0.04898468, -0.7973386, 0;
 -0.40540597, 0.84131545, -0.3575393, 0;
 0.68832725, 0.53832042, 0.48622707, 0;
 27.121168, -6.4220414, -38.150158, 1]
1467 1463143210.4129652977 0.0000000000
[0.57758141, -0.071559519, -0.81319058, 0;
 -0.40316021, 0.84118521, -0.36037388, 0;
 0.70983207, 0.53599137, 0.457003, 0;
 25.797388, -7.5465937, -39.446209, 1]
1486 1463143211.3655931950 0.0000000000
[0.64173204, -0.075325869, -0.76322085, 0;
 -0.34524661, 0.86025286, -0.375193, 0;
 0.68482465, 0.50427276, 0.5260458, 0;
 28.568605, -7.7066455, -38.588123, 1]
1495 1463143211.8128530979 0.0000000000
[0.66670531, -0.099098265, -0.73870397, 0;
 -0.30308229, 0.86942685, -0.39017695, 0;
 0.68091494, 0.48402113, 0.54961658, 0;
 29.689837, -8.8191919, -38.079536, 1]
1505 1463143212.3157663345 0.0000000000
[0.62816954, -0.15944141, -0.76156515, 0;
 -0.35790035, 0.80987626, -0.46476641, 0;
 0.69087654, 0.56451648, 0.45167542, 0;
 27.712978, -12.199074, -39.246811, 1]
1514 1463143212.7629044056 0.0000000000
[0.65138406, -0.054795649, -0.75676697, 0;
 -0.3723731, 0.84592551, -0.38177001, 0;
 0.66108781, 0.5304786, 0.53061795, 0;
 28.9554, -7.0537362, -40.156811, 1]
1534 1463143213.7630555630 0.0000000000
[0.69886911, -0.096507013, -0.70870894, 0;
 -0.34159446, 0.82551473, -0.44926453, 0;
 0.62840682, 0.55606812, 0.54396051, 0;
 31.273516, -9.447134, -39.059021, 1]
1544 1463143214.2630879879 0.0000000000
[0.73332524, -0.1255001, -0.66819447, 0;
 -0.26510125, 0.85223961, -0.4510088, 0;
 0.62606347, 0.50787532, 0.59169859, 0;
 32.88723, -10.709885, -38.022728, 1]
1552 1463143214.6631653309 0.0000000000
[0.70534176, -0.11059082, -0.70018762, 0;
 -0.27746323, 0.86587358, -0.41626567, 0;
 0.65230912, 0.48788586, 0.5800519, 0;
 31.190365, -9.8202791, -40.112488, 1]
1562 1463143215.1631863117 0.0000000000
[0.78131145, -0.10724826, -0.61485791, 0;
 -0.23768552, 0.85976887, -0.45199898, 0;
 0.57711178, 0.49929479, 0.64625591, 0;
 35.547989, -9.7976999, -36.870453, 1]
1571 1463143215.6132564545 0.0000000000
[0.78614181, -0.064451501, -0.61467636, 0;
 -0.2670823, 0.86146247, -0.43191367, 0;
 0.55735809, 0.50371456, 0.66001785, 0;
 35.857872, -7.697556, -37.580212, 1]
1589 1463143216.5132033825 0.0000000000
[0.87587011, -0.11407244, -0.46886992, 0;
 -0.15557416, 0.8530187, -0.49815241, 0;
 0.45678025, 0.50926083, 0.72938687, 0;
 41.330406, -10.450221, -31.823477, 1]
1597 1463143216.9133310318 0.0000000000
[0.85597527, -0.11503634, -0.50405651, 0;
 -0.17379555, 0.85417807, -0.49007642, 0;
 0.48693061, 0.50709611, 0.71116251, 0;
 39.910862, -10.488478, -34.014324, 1]
1606 1463143217.3633871078 0.0000000000
[0.88602501, -0.056579765, -0.46017218, 0;
 -0.19957617, 0.84932119, -0.48869506, 0;
 0.41848424, 0.52483547, 0.74122781, 0;
 42.090229, -7.6376262, -32.58345, 1]
1614 1463143217.7634983063 0.0000000000
[0.80734801, -0.087517217, -0.58354944, 0;
 -0.27319655, 0.82112384, -0.50111806, 0;
 0.52302283, 0.56400031, 0.6390233, 0;
 36.627022, -9.7616549, -38.536449, 1]
1634 1463143218.7638878822 0.0000000000
[0.51423043, -0.041751675, -0.85663521, 0;
 -0.39775038, 0.87329733, -0.28132975, 0;
 0.75984323, 0.48539528, 0.43246931, 0;
 17.927843, -6.4932308, -51.51392, 1]
1644 1463143219.2655827999 0.0000000000
[0.28249273, 0.0063571585, -0.95924836, 0;
 -0.4663057, 0.87479126, -0.13152671, 0;
 0.83830595, 0.48445833, 0.25008655, 0;
 4.3484502, -3.8898053, -55.142952, 1]
1654 1463143219.7636413574 0.0000000000
[0.16405442, 0.013067088, -0.98636472, 0;
 -0.46290338, 0.88400167, -0.065280132, 0;
 0.87109506, 0.46730104, 0.15107319, 0;
 -2.4445758, -3.3428996, -55.897163, 1]
1662 1463143220.1636776924 0.0000000000
[-0.0074684285, -0.01633466, -0.99983871, 0;
 -0.44865412, 0.89363468, -0.011248292, 0;
