18 1.8677140000
[1, 0, 0, 0;
 0, 1, 0, 0;
 0, 0, 1, 0;
 0, 0, 0, 1]
19 1.9713230000
[0.99887991, -0.0041463184, 0.047134876, 0;
 0.0042468607, 0.99998891, -0.0020331335, 0;
 -0.047125924, 0.0022310314, 0.99888647, 0;
 -7.843176e-05, 0.00040803445, -0.042206232, 1]
20 2.0749370000
[0.99561685, -0.0033635739, 0.093465284, 0;
 0.0037397561, 0.99998558, -0.0038499709, 0;
 -0.093450986, 0.0041826335, 0.99561512, 0;
 0.0019676255, 0.00075121742, -0.084050231, 1]
21 2.1786790000
[0.99021822, -0.0050970307, 0.13943407, 0;
 0.0060959216, 0.99995869, -0.0067377537, 0;
 -0.13939397, 0.0075218258, 0.99020845, 0;
 0.005705337, 0.0011460218, -0.1254646, 1]
22 2.2824280000
[0.98273432, -0.0083321808, 0.18483461, 0;
 0.010566314, 0.99988252, -0.011105482, 0;
 -0.18472037, 0.012866759, 0.9827069, 0;
 0.011353998, 0.000814742, -0.1668912, 1]
23 2.3860340000
[0.97339261, -0.0091600297, 0.22896056, 0;
 0.012355708, 0.99984521, -0.012527672, 0;
 -0.22881036, 0.015023313, 0.97335511, 0;
 0.018937029, 0.00047741967, -0.2081387, 1]
24 2.4896490000
[0.96249592, -0.013216991, 0.27097389, 0;
 0.017175091, 0.99977756, -0.012240683, 0;
 -0.27075183, 0.016435608, 0.96250886, 0;
 0.0276997, 0.00082668144, -0.249571, 1]
25 2.5933870000
[0.95054495, -0.01617823, 0.31016535, 0;
 0.02108418, 0.99969989, -0.012471041, 0;
 -0.30987051, 0.018393867, 0.9506008, 0;
 0.037892018, 0.00094004744, -0.29024994, 1]
26 2.6970060000
[0.9380694, -0.016462645, 0.34605598, 0;
 0.023042094, 0.99962336, -0.014906951, 0;
 -0.34568021, 0.02195761, 0.93809545, 0;
 0.048475597, 8.4638283e-05, -0.3304354, 1]
27 2.8006200000
[0.92511797, -0.016834589, 0.37930635, 0;
 0.023793245, 0.99962348, -0.01366523, 0;
 -0.37893349, 0.021666879, 0.92517024, 0;
 0.060120992, 0.00040920623, -0.37146959, 1]
28 2.9043870000
[0.91114414, -0.018870786, 0.41165555, 0;
 0.025919409, 0.99959737, -0.01154638, 0;
 -0.4112719, 0.021190284, 0.91126639, 0;
 0.073280565, 0.0014201474, -0.41184589, 1]
29 3.0081110000
[0.89653653, -0.019186763, 0.44255406, 0;
 0.026880801, 0.99957681, -0.011119492, 0;
 -0.44215342, 0.021865239, 0.8966729, 0;
 0.087310895, 0.0014742108, -0.45324317, 1]
30 3.1117170000
[0.88115436, -0.015443731, 0.47257647, 0;
 0.024361415, 0.99962181, -0.012756192, 0;
 -0.47220075, 0.022752807, 0.88119733, 0;
 0.10310894, 0.0009919951, -0.49356347, 1]
31 3.2153340000
[0.86575305, -0.014400284, 0.50026423, 0;
 0.024287747, 0.9996171, -0.013257836, 0;
 -0.49988177, 0.023628304, 0.86577129, 0;
 0.11867715, 0.00076913333, -0.53456181, 1]
32 3.3190740000
[0.84975606, -0.015466895, 0.52694917, 0;
 0.026362192, 0.99956566, -0.013172532, 0;
 -0.52651656, 0.025084976, 0.84979469, 0;
 0.13528302, 0.00069645792, -0.57537895, 1]
33 3.4228110000
[0.83287156, -0.016642939, 0.55321604, 0;
 0.028254081, 0.99952304, -0.012467134, 0;
 -0.55274469, 0.026014131, 0.83294451, 0;
 0.153367, 0.00087038358, -0.61690772, 1]
34 3.5265510000
[0.81537014, -0.015898328, 0.57872164, 0;
 0.02710003, 0.9995752, -0.010721874, 0;
 -0.57830536, 0.024425671, 0.81545466, 0;
 0.17297716, 0.0022508951, -0.65783679, 1]
35 3.6302860000
[0.79795712, -0.016290339, 0.602494, 0;
 0.028055817, 0.99955499, -0.010131636, 0;
 -0.60206085, 0.024988072, 0.79805911, 0;
 0.19245675, 0.001950965, -0.69904637, 1]
37 3.8375240000
[0.76485395, -0.020783398, 0.64386839, 0;
 0.035325442, 0.99932873, -0.0097059542, 0;
 -0.64323449, 0.030168574, 0.76507467, 0;
 0.23090594, 0.00028885831, -0.78375304, 1]
38 3.9412900000
[0.7498799, -0.02370296, 0.6611492, 0;
 0.039811127, 0.99916363, -0.009332885, 0;
 -0.660375, 0.033319637, 0.7501964, 0;
 0.24857508, -0.00060188875, -0.82700372, 1]
39 4.0449010000
[0.73592407, -0.027589856, 0.67650169, 0;
 0.045584679, 0.99892128, -0.0088496022, 0;
 -0.67552775, 0.037350748, 0.73638791, 0;
 0.26604724, -0.0025302679, -0.87140501, 1]
43 4.4596090000
[0.6935569, -0.037458915, 0.71942729, 0;
 0.056939095, 0.99837339, -0.0029085893, 0;
 -0.71814811, 0.042980812, 0.69456166, 0;
 0.32140511, -0.00076740776, -1.0563656, 1]
44 4.5632170000
[0.68468446, -0.036834549, 0.72790825, 0;
 0.05641681, 0.99840409, -0.0025442077, 0;
 -0.72665286, 0.042808242, 0.68566978, 0;
 0.33455935, -0.00077145267, -1.1038859, 1]
45 4.6669470000
[0.67639703, -0.034775488, 0.73571581, 0;
 0.056552038, 0.99838811, -0.0048010307, 0;
 -0.73436296, 0.044853631, 0.67727333, 0;
 0.3472926, -0.0036168327, -1.1530087, 1]
47 4.8743190000
[0.66167706, -0.031700589, 0.74911851, 0;
 0.058594894, 0.99823654, -0.0095127942, 0;
 -0.74749589, 0.050188918, 0.6623677, 0;
 0.3709825, -0.010879629, -1.2532399, 1]
49 5.0816560000
[0.651712, -0.029838363, 0.75787932, 0;
 0.057975318, 0.99826223, -0.010551415, 0;
 -0.75624752, 0.050814781, 0.65230942, 0;
 0.38830835, -0.012695714, -1.359939, 1]
51 5.2889430000
[0.6445033, -0.027252987, 0.76411569, 0;
 0.058621142, 0.99818432, -0.013843472, 0;
 -0.76235104, 0.053715497, 0.64493066, 0;
 0.40182549, -0.018491609, -1.4719633, 1]
53 5.4963140000
[0.63892949, -0.027416421, 0.7687766, 0;
 0.058681935, 0.99818981, -0.013172652, 0;
 -0.7670238, 0.053529695, 0.63938177, 0;
 0.41331044, -0.017528925, -1.5888512, 1]
54 5.6000260000
[0.63669038, -0.029211668, 0.77056605, 0;
 0.058982275, 0.99819958, -0.010893774, 0;
 -0.76886046, 0.052385699, 0.63726705, 0;
 0.4182409, -0.014097773, -1.6501676, 1]
56 5.8073400000
[0.63375103, -0.031604305, 0.77289116, 0;
 0.061892733, 0.99803329, -0.009939868, 0;
 -0.77105701, 0.054135747, 0.63446075, 0;
 0.424115, -0.013518497, -1.7754604, 1]
58 6.0147150000
[0.63218534, -0.031834219, 0.77416295, 0;
 0.063800327, 0.99790132, -0.01106514, 0;
 -0.77218598, 0.056387067, 0.63288963, 0;
 0.42813826, -0.016978532, -1.9055063, 1]
60 6.2219270000
[0.6327374, -0.03041508, 0.7737689, 0;
 0.063463122, 0.99790376, -0.012670668, 0;
 -0.77176148, 0.057122994, 0.63334125, 0;
 0.42686203, -0.019243227, -2.0404129, 1]
62 6.4292800000
[0.63485104, -0.030240014, 0.77204257, 0;
 0.061943159, 0.99800938, -0.011845021, 0;
 -0.7701475, 0.055342577, 0.63546044, 0;
 0.42167038, -0.016138535, -2.1799831, 1]
64 6.6366730000
[0.63662142, -0.029867541, 0.77059788, 0;
 0.062912479, 0.99793047, -0.013295786, 0;
 -0.76860601, 0.056944605, 0.63718295, 0;
 0.41670957, -0.019036995, -2.323725, 1]
65 6.7403990000
[0.63714206, -0.030304154, 0.77015042, 0;
 0.06420467, 0.99784058, -0.013852855, 0;
 -0.76806754, 0.058273491, 0.63771188, 0;
 0.4152028, -0.020859772, -2.3956158, 1]
67 6.9477550000
[0.63912225, -0.032852925, 0.76840317, 0;
 0.066011593, 0.99774367, -0.012247062, 0;
 -0.76626706, 0.058550887, 0.63984889, 0;
 0.40752435, -0.016760955, -2.5444, 1]
68 7.0514710000
[0.63879788, -0.034956925, 0.76858002, 0;
 0.066939376, 0.99770433, -0.010257953, 0;
 -0.76645702, 0.058001027, 0.63967144, 0;
 0.41187182, -0.012284837, -2.6146874, 1]
70 7.2589230000
[0.63976854, -0.03611064, 0.76771885, 0;
 0.071206577, 0.99738419, -0.012425832, 0;
 -0.76526195, 0.062616289, 0.64066631, 0;
 0.40773046, -0.018226381, -2.7652497, 1]
71 7.3625680000
[0.64039344, -0.03623173, 0.76719195, 0;
 0.071059011, 0.99739736, -0.012211146, 0;
 -0.76475281, 0.062335841, 0.64130127, 0;
 0.40546581, -0.01668798, -2.842932, 1]
73 7.5699250000
[0.64018625, -0.036721256, 0.76734161, 0;
 0.070239455, 0.99747097, -0.010866011, 0;
 -0.76500195, 0.060853925, 0.64114648, 0;
 0.40798086, -0.011707532, -3.0001214, 1]
74 7.6735720000
[0.64026707, -0.037609186, 0.76723111, 0;
 0.072063811, 0.99733657, -0.011249637, 0;
 -0.76476461, 0.062492371, 0.64127207, 0;
 0.40784159, -0.013479875, -3.0771468, 1]
76 7.8810240000
[0.64010388, -0.038963135, 0.76729977, 0;
 0.073769331, 0.99721575, -0.01090237, 0;
 -0.76473862, 0.063581839, 0.64119595, 0;
 0.4083125, -0.010523149, -3.2377729, 1]
77 7.9846960000
[0.63938349, -0.037232324, 0.767986, 0;
 0.072862193, 0.99726599, -0.012313183, 0;
 -0.76542789, 0.063829996, 0.64034826, 0;
 0.41246197, -0.015715642, -3.31796, 1]
79 8.1921180000
[0.63798678, -0.034279939, 0.76928389, 0;
 0.070717171, 0.99739528, -0.014202784, 0;
 -0.76679325, 0.063462771, 0.63874924, 0;
 0.41881356, -0.021861605, -3.4806497, 1]
80 8.2958630000
[0.63715357, -0.034754958, 0.76995289, 0;
 0.070428811, 0.99742872, -0.013258441, 0;
 -0.76751232, 0.06267453, 0.637963, 0;
 0.42246562, -0.018051924, -3.564321, 1]
81 8.3995460000
[0.63536632, -0.035089519, 0.77141321, 0;
 0.070706554, 0.99741417, -0.012867013, 0;
 -0.76896697, 0.062719241, 0.63620442, 0;
 0.43434182, -0.017000509, -3.6447458, 1]
82 8.5032350000
[0.63558275, -0.033550248, 0.77130342, 0;
 0.067730084, 0.99762642, -0.012417239, 0;
 -0.76905608, 0.06013263, 0.63634646, 0;
 0.43298095, -0.014029539, -3.7301295, 1]
83 8.6069780000
[0.63420421, -0.031064542, 0.77254128, 0;
 0.06596785, 0.99772304, -0.014035855, 0;
 -0.77034622, 0.059864484, 0.63480937, 0;
 0.44059649, -0.021149211, -3.8149059, 1]
85 8.8144360000
[0.62978995, -0.030251313, 0.77617621, 0;
 0.066703752, 0.9976564, -0.015240015, 0;
 -0.77389616, 0.061371874, 0.63033187, 0;
 0.46097955, -0.026422253, -3.9849348, 1]
86 8.9181070000
[0.62622857, -0.029176222, 0.77909338, 0;
 0.064324014, 0.9978261, -0.014335558, 0;
 -0.77698147, 0.059091751, 0.62674391, 0;
 0.48001379, -0.022135653, -4.0702095, 1]
88 9.1255480000
[0.61865568, -0.0272328, 0.78519011, 0;
 0.061873816, 0.99798387, -0.014137588, 0;
 -0.78322202, 0.057329006, 0.61909336, 0;
 0.52214009, -0.021634363, -4.2416859, 1]
89 9.2291480000
[0.61501968, -0.026046738, 0.78808147, 0;
 0.062134415, 0.99794734, -0.015506793, 0;
 -0.78605986, 0.058503959, 0.61537564, 0;
 0.54195637, -0.027922882, -4.3270469, 1]
90 9.3327830000
[0.61124551, -0.024510868, 0.7910614, 0;
 0.061908722, 0.99793845, -0.016915362, 0;
 -0.78901601, 0.05931304, 0.61150283, 0;
 0.5632093, -0.034683689, -4.4132276, 1]
91 9.4365070000
[0.60750443, -0.023653805, 0.79396403, 0;
 0.060998034, 0.99799412, -0.016940586, 0;
 -0.79197073, 0.058721725, 0.60772866, 0;
 0.58477604, -0.034833428, -4.4997177, 1]
92 9.5401260000
[0.6035018, -0.022852976, 0.79703408, 0;
 0.059308838, 0.99810678, -0.016289493, 0;
 -0.79515284, 0.057101902, 0.60371464, 0;
 0.60815847, -0.03137783, -4.5868268, 1]
93 9.6438560000
[0.59846216, -0.022230465, 0.80084258, 0;
 0.057617132, 0.9982208, -0.015347285, 0;
 -0.79907656, 0.055327021, 0.59867823, 0;
 0.63913459, -0.02682, -4.6723037, 1]
94 9.7475660000
[0.59397101, -0.022080662, 0.80418336, 0;
 0.05711931, 0.99825799, -0.014778988, 0;
 -0.80245614, 0.05471269, 0.59419751, 0;
 0.66621631, -0.024883348, -4.7589979, 1]
95 9.8512160000
[0.58962643, -0.022336811, 0.80736715, 0;
 0.057473835, 0.99824381, -0.014355935, 0;
 -0.8056286, 0.054867126, 0.58987474, 0;
 0.69211805, -0.0238906, -4.8471484, 1]
96 9.9548540000
[0.584831, -0.022032598, 0.81085587, 0;
 0.058650877, 0.99816316, -0.015179918, 0;
 -0.80903196, 0.056435097, 0.58504897, 0;
 0.72131997, -0.029422278, -4.9347782, 1]
97 10.0584500000
[0.58014131, -0.021166649, 0.81424075, 0;
 0.058831844, 0.99814016, -0.015970092, 0;
 -0.81238836, 0.057168197, 0.5803076, 0;
 0.75066358, -0.034566361, -5.0226746, 1]
98 10.1622700000
[0.57489711, -0.021558411, 0.81794167, 0;
 0.05928617, 0.99812281, -0.015362351, 0;
 -0.81607503, 0.057324398, 0.57509607, 0;
 0.78391379, -0.033064891, -5.1099415, 1]
99 10.2659500000
[0.56956726, -0.020631228, 0.82168579, 0;
 0.057756066, 0.99821848, -0.01497104, 0;
 -0.81991303, 0.055984352, 0.56974411, 0;
 0.81899387, -0.031225549, -5.1977067, 1]
100 10.3695400000
[0.56508851, -0.019790635, 0.82479292, 0;
 0.057111304, 0.99825245, -0.015175798, 0;
 -0.82305121, 0.055680666, 0.56523126, 0;
 0.84844726, -0.032548506, -5.2858462, 1]
101 10.4733300000
[0.56056303, -0.018270327, 0.82791018, 0;
 0.05614309, 0.99829477, -0.015983097, 0;
 -0.82620639, 0.05544097, 0.56063294, 0;
 0.87785238, -0.037541512, -5.3740273, 1]
102 10.5770100000
[0.55661744, -0.020467291, 0.83051676, 0;
 0.057337262, 0.99825913, -0.013826646, 0;
 -0.82878792, 0.055315711, 0.556822, 0;
 0.90466642, -0.026884975, -5.4646626, 1]
103 10.6808000000
[0.55374014, -0.022078924, 0.83239675, 0;
 0.059334714, 0.99815357, -0.012996035, 0;
 -0.83057284, 0.056586448, 0.55402774, 0;
 0.92277211, -0.02469, -5.5546889, 1]
104 10.7844900000
[0.55064255, -0.022367619, 0.83444142, 0;
 0.060857188, 0.99805647, -0.013405866, 0;
 -0.83251977, 0.058163598, 0.5509336, 0;
 0.94333106, -0.02906757, -5.6459079, 1]
105 10.8883800000
[0.54762959, -0.021730457, 0.83643866, 0;
 0.061521113, 0.99800259, -0.014351, 0;
 -0.83445609, 0.059317671, 0.54787266, 0;
 0.96431917, -0.036104802, -5.7374449, 1]
106 10.9921000000
[0.54490739, -0.021987673, 0.8382079, 0;
 0.061172582, 0.99803472, -0.01358724, 0;
 -0.83626181, 0.058679126, 0.54518157, 0;
 0.9833051, -0.031136515, -5.8295217, 1]
107 11.0962800000
[0.54148513, -0.020658953, 0.84045643, 0;
 0.060036577, 0.99809593, -0.014146239, 0;
 -0.83856392, 0.058118105, 0.5416944, 0;
 1.0078948, -0.03393146, -5.9213333, 1]
108 11.1996500000
[0.53799248, -0.019271657, 0.84272933, 0;
 0.058943912, 0.99815154, -0.014803506, 0;
 -0.84088624, 0.057637937, 0.53813398, 0;
 1.0332565, -0.03747068, -6.0131903, 1]
109 11.3033600000
[0.53439397, -0.018741088, 0.84502769, 0;
 0.057815589, 0.99822307, -0.014423807, 0;
 -0.84325582, 0.056563772, 0.53452796, 0;
 1.0592695, -0.034802128, -6.1053052, 1]
110 11.4070800000
[0.53042871, -0.018324403, 0.84753144, 0;
 0.058127262, 0.99819952, -0.014797044, 0;
 -0.84573436, 0.057113461, 0.53053886, 0;
 1.0888653, -0.038186997, -6.1971993, 1]
111 11.5105700000
[0.52631015, -0.018069323, 0.85010064, 0;
 0.058073767, 0.99820352, -0.014737021, 0;
 -0.84830719, 0.057124794, 0.52641398, 0;
 1.1190698, -0.038278766, -6.2873802, 1]
112 11.6141800000
[0.5222277, -0.017487649, 0.85262674, 0;
 0.057057176, 0.99826604, -0.01447235, 0;
 -0.85089523, 0.056206338, 0.52231997, 0;
 1.1501619, -0.035896268, -6.3786254, 1]
113 11.7180200000
[0.51857001, -0.017659923, 0.8548528, 0;
 0.056832209, 0.99828762, -0.013852442, 0;
 -0.85314435, 0.055766635, 0.5186857, 0;
 1.1771556, -0.032962095, -6.4710283, 1]
115 11.9250600000
[0.51133537, -0.018078383, 0.85919106, 0;
 0.058148101, 0.99821532, -0.013602404, 0;
 -0.85741174, 0.056915719, 0.51147401, 0;
 1.2325574, -0.034091938, -6.6554732, 1]
117 12.1321400000
[0.50490141, -0.016169034, 0.86302561, 0;
 0.059268951, 0.99811423, -0.015974537, 0;
 -0.86113983, 0.05921619, 0.50490755, 0;
 1.2837137, -0.05259084, -6.841475, 1]
118 12.2359500000
[0.50176281, -0.016036371, 0.8648566, 0;
 0.06000483, 0.99806488, -0.016306583, 0;
 -0.86292148, 0.060077608, 0.50175411, 0;
 1.3084542, -0.056523573, -6.9350781, 1]
120 12.4432300000
[0.49555373, -0.014388894, 0.86845809, 0;
 0.059389077, 0.99808407, -0.01735162, 0;
 -0.86654454, 0.060175586, 0.49545884, 0;
 1.3587655, -0.065713584, -7.1252952, 1]
121 12.5468500000
[0.49262103, -0.014568735, 0.87012202, 0;
 0.059669554, 0.99807221, -0.01707097, 0;
 -0.86819589, 0.060329307, 0.49254066, 0;
 1.3816489, -0.063780263, -7.2189455, 1]
123 12.7542100000
[0.48551059, -0.016578818, 0.87407357, 0;
 0.063004836, 0.99788386, -0.016069336, 0;
 -0.87195748, 0.062872693, 0.48552772, 0;
 1.4436609, -0.063163094, -7.4058847, 1]
125 12.9614500000
[0.48025432, -0.017470792, 0.87695527, 0;
 0.063108698, 0.9978987, -0.014680503, 0;
 -0.87485605, 0.062393878, 0.48034772, 0;
 1.4895461, -0.054352343, -7.5993776, 1]
127 13.1687900000
[0.47492293, -0.013604812, 0.87992221, 0;
 0.060915835, 0.99799037, -0.017447969, 0;
 -0.87791657, 0.061887641, 0.47479725, 0;
 1.5373437, -0.073600724, -7.7932005, 1]
128 13.2724100000
[0.47186702, -0.011210876, 0.88159847, 0;
 0.06002558, 0.9980076, -0.019436913, 0;
 -0.87962401, 0.062090099, 0.47159982, 0;
 1.5650203, -0.088847555, -7.8897686, 1]
130 13.4797700000
[0.4669691, -0.00836848, 0.88423401, 0;
 0.058132347, 0.99808264, -0.021254074, 0;
 -0.88236076, 0.061327595, 0.46656024, 0;
 1.6076435, -0.10042777, -8.0854902, 1]
131 13.5833800000
[0.46263748, -0.0081984326, 0.88650966, 0;
 0.058675293, 0.99804795, -0.021390585, 0;
 -0.88460374, 0.061912298, 0.46221542, 0;
 1.6492282, -0.10424568, -8.1802349, 1]
132 13.6870000000
[0.45935181, -0.0088110873, 0.88821071, 0;
 0.058430318, 0.99808472, -0.020317094, 0;
 -0.88633054, 0.061231129, 0.45898688, 0;
 1.6799642, -0.095745474, -8.277585, 1]
134 13.8944400000
[0.45179859, -0.0091591589, 0.89207298, 0;
 0.057662684, 0.99815613, -0.018955454, 0;
 -0.8902545, 0.06000337, 0.45149368, 0;
 1.7520599, -0.085443057, -8.4702663, 1]
135 13.9984500000
[0.44856751, -0.0085970331, 0.89370757, 0;
 0.057357855, 0.9981693, -0.019187011, 0;
 -0.8919065, 0.059867822, 0.44823942, 0;
 1.7827177, -0.08765009, -8.5673704, 1]
137 14.2059200000
[0.44205725, -0.0071799634, 0.89695811, 0;
 0.057347324, 0.99814844, -0.020273112, 0;
 -0.89515173, 0.060400024, 0.44165051, 0;
 1.8469141, -0.098794475, -8.760005, 1]
138 14.3092000000
[0.43949914, -0.0076205386, 0.8982107, 0;
 0.058763877, 0.99806577, -0.020285746, 0;
 -0.89631873, 0.061697908, 0.43909687, 0;
 1.8720788, -0.10168611, -8.8583632, 1]
140 14.5165400000
[0.43481651, -0.010420413, 0.90045881, 0;
 0.061707664, 0.99792743, -0.018249247, 0;
 -0.89840233, 0.063500278, 0.43455833, 0;
 1.9178557, -0.089891464, -9.0574856, 1]
142 14.7236800000
[0.42957941, -0.0092864418, 0.90298134, 0;
 0.062074333, 0.99788553, -0.019268448, 0;
 -0.90089309, 0.064329296, 0.4292475, 0;
 1.9715625, -0.10143373, -9.2530909, 1]
144 14.9316300000
[0.42424607, -0.0072062002, 0.90551829, 0;
 0.061074477, 0.99791908, -0.020672584, 0;
 -0.903485, 0.064074315, 0.42380339, 0;
 2.0279396, -0.11382762, -9.4478359, 1]
147 15.2421800000
[0.41590425, -0.0046465471, 0.90939653, 0;
 0.060421389, 0.99791855, -0.022534326, 0;
 -0.907399, 0.064319126, 0.41531935, 0;
 2.1192064, -0.13064986, -9.7436905, 1]
149 15.4495000000
[0.41046801, -0.0074686827, 0.91184443, 0;
 0.062523857, 0.99784362, -0.019972119, 0;
 -0.90972894, 0.065209948, 0.41004986, 0;
 2.1789827, -0.1112534, -9.9394646, 1]
151 15.6566800000
[0.40476587, -0.00597869, 0.91440082, 0;
 0.060255934, 0.99797958, -0.020147549, 0;
 -0.91243291, 0.063253112, 0.40430835, 0;
 2.2427092, -0.10937484, -10.136995, 1]
153 15.8640400000
[0.39778775, -0.0053957961, 0.91746163, 0;
 0.057975058, 0.99813211, -0.019266255, 0;
 -0.91564393, 0.060853768, 0.39735752, 0;
 2.3219314, -0.096816011, -10.330267, 1]
155 16.0714000000
[0.39025575, -0.0043363259, 0.92069626, 0;
 0.056586109, 0.9982115, -0.019283757, 0;
 -0.918966, 0.059624217, 0.38980314, 0;
 2.4090872, -0.096057996, -10.520473, 1]
156 16.1751700000
[0.38666537, -0.0039923661, 0.92221147, 0;
 0.05575569, 0.99826258, -0.019055679, 0;
 -0.92053312, 0.058786705, 0.38621619, 0;
 2.4504445, -0.092356808, -10.61876, 1]
159 16.4862100000
[0.37459055, -0.0033349106, 0.92718434, 0;
 0.055888012, 0.99825644, -0.018988701, 0;
 -0.92550445, 0.058931477, 0.37412381, 0;
 2.5946712, -0.094156094, -10.902488, 1]
161 16.6933800000
[0.36827722, -0.0019666646, 0.92971396, 0;
 0.054975361, 0.99829406, -0.019665042, 0;
 -0.9280892, 0.058353547, 0.36775708, 0;
 2.667001, -0.10169775, -11.095712, 1]
163 16.9006900000
[0.36063784, -0.0020672008, 0.93270361, 0;
 0.056213222, 0.99822789, -0.019522898, 0;
 -0.93101043, 0.059470974, 0.36011496, 0;
 2.7603273, -0.10599728, -11.287335, 1]
164 17.0043200000
[0.35652184, -0.0014079836, 0.93428594, 0;
 0.057540558, 0.99813366, -0.02045317, 0;
 -0.93251342, 0.061051335, 0.35593745, 0;
 2.8124759, -0.12316073, -11.380301, 1]
165 17.1079300000
[0.35249305, -0.0010920388, 0.93581378, 0;
 0.059645001, 0.99799234, -0.02130189, 0;
 -0.93391174, 0.063325383, 0.35185048, 0;
 2.8640542, -0.14061216, -11.472679, 1]
166 17.2122600000
[0.35000157, -0.0016867759, 0.93674761, 0;
 0.061374843, 0.99789101, -0.021134906, 0;
 -0.93473637, 0.064889982, 0.34936693, 0;
 2.8936672, -0.14418824, -11.572955, 1]
167 17.3153300000
[0.34711933, -0.0005643476, 0.93782079, 0;
 0.062945433, 0.99775881, -0.022697827, 0;
 -0.9357062, 0.066910394, 0.3463769, 0;
 2.929466, -0.16861539, -11.671305, 1]
168 17.4189500000
[0.3441323, 0.00051368453, 0.93892103, 0;
 0.064837411, 0.99759966, -0.024309924, 0;
 -0.93667978, 0.069243036, 0.34327298, 0;
 2.9668546, -0.19448216, -11.766912, 1]
169 17.5227400000
[0.34112221, 0.00047384764, 0.94001883, 0;
 0.065983675, 0.99752116, -0.024447564, 0;
 -0.93770027, 0.070365503, 0.34024537, 0;
 3.0049648, -0.20130855, -11.864716, 1]
170 17.6262800000
[0.33765474, 0.001164522, 0.94126934, 0;
 0.066648848, 0.99745965, -0.025142498, 0;
 -0.93890744, 0.071223997, 0.33671936, 0;
 3.0492156, -0.21380588, -11.961725, 1]
171 17.7300200000
[0.33432469, 0.0020650199, 0.94245571, 0;
 0.066282451, 0.9974699, -0.025698455, 0;
 -0.94012427, 0.071059898, 0.33334196, 0;
 3.0918717, -0.22159252, -12.059088, 1]
172 17.8336100000
[0.33059523, 0.0027540503, 0.94376862, 0;
 0.066913545, 0.99741077, -0.026349908, 0;
 -0.94139755, 0.071862057, 0.32955495, 0;
 3.140362, -0.23399927, -12.155138, 1]
173 17.9378200000
[0.32714474, 0.0038816647, 0.94496626, 0;
 0.065985799, 0.99745679, -0.026941385, 0;
 -0.9426676, 0.071168087, 0.3260566, 0;
 3.1856723, -0.24059063, -12.252347, 1]
174 18.0410200000
[0.32405835, 0.0049138307, 0.94602436, 0;
 0.064475574, 0.99754667, -0.027267398, 0;
 -0.9438374, 0.069831684, 0.32294652, 0;
 3.2265372, -0.24154142, -12.351837, 1]
175 18.1446100000
[0.32109204, 0.0038555204, 0.94704014, 0;
 0.066266432, 0.99744928, -0.026528241, 0;
 -0.94472677, 0.071274981, 0.32001752, 0;
 3.2651684, -0.23944578, -12.451543, 1]
177 18.3518200000
[0.31748056, 0.0013344598, 0.94826382, 0;
 0.070731193, 0.99717999, -0.02508424, 0;
 -0.94562316, 0.075035594, 0.31649089, 0;
 3.3107591, -0.2374562, -12.655472, 1]
178 18.4556700000
[0.31511623, 0.00062568329, 0.94905287, 0;
 0.07060834, 0.99721289, -0.024101686, 0;
 -0.94642287, 0.074605882, 0.31419379, 0;
 3.3435721, -0.22572446, -12.754358, 1]
180 18.6630500000
[0.30789348, 0.0003271024, 0.95142078, 0;
 0.070778109, 0.99722111, -0.023247667, 0;
 -0.94878453, 0.074497566, 0.30701476, 0;
 3.4468648, -0.22239022, -12.94795, 1]
181 18.7662800000
[0.30424911, 0.00026986658, 0.95259243, 0;
 0.071257085, 0.99719185, -0.023041349, 0;
 -0.94992363, 0.074889272, 0.30337551, 0;
 3.5006506, -0.22502148, -13.041892, 1]
182 18.8699200000
[0.29984763, 0.0019042382, 0.95398521, 0;
 0.069181673, 0.99732167, -0.023735272, 0;
 -0.95147532, 0.073115259, 0.29891279, 0;
 3.5681312, -0.23060325, -13.129701, 1]
183 18.9735300000
[0.29318962, 0.0057970514, 0.95603675, 0;
 0.068133868, 0.99731237, -0.026942076, 0;
 -0.95362341, 0.073037617, 0.29200664, 0;
 3.6720273, -0.27659088, -13.207493, 1]
184 19.0771400000
[0.28646001, 0.0092922291, 0.95804715, 0;
 0.063921042, 0.99753964, -0.028787924, 0;
 -0.95595753, 0.069485955, 0.28516126, 0;
 3.7768672, -0.29605535, -13.284176, 1]
185 19.1808700000
[0.28227115, 0.0095705232, 0.95928693, 0;
 0.060786024, 0.9977625, -0.027840732, 0;
 -0.95740694, 0.066169873, 0.2810578, 0;
 3.8299806, -0.27314004, -13.394082, 1]
186 19.2845300000
[0.27771083, 0.010913686, 0.9606027, 0;
 0.054145131, 0.99816811, -0.026993869, 0;
 -0.95913762, 0.05950845, 0.27661118, 0;
 3.8917148, -0.24219619, -13.495728, 1]
187 19.3882200000
[0.27657738, 0.012148608, 0.96091485, 0;
 0.050284762, 0.99836731, -0.02709543, 0;
 -0.95967513, 0.055813361, 0.27551493, 0;
 3.8960786, -0.22930475, -13.6189, 1]
188 19.4918400000
[0.27317762, 0.012896628, 0.96187717, 0;
 0.048995208, 0.99842578, -0.027301533, 0;
 -0.96071506, 0.054585539, 0.27211574, 0;
 3.9391727, -0.22907993, -13.7262, 1]
189 19.5954600000
[0.27102393, 0.013718437, 0.96247482, 0;
 0.050060518, 0.99834442, -0.028326271, 0;
 -0.96126997, 0.055859089, 0.26988846, 0;
 3.9613633, -0.24913475, -13.839496, 1]
190 19.6990700000
[0.27182153, 0.01516276, 0.96222824, 0;
 0.049610417, 0.99832559, -0.029746115, 0;
 -0.96106809, 0.055822179, 0.27061418, 0;
 3.936028, -0.2671046, -13.968029, 1]
191 19.8028400000
[0.27145278, 0.014951873, 0.96233559, 0;
 0.049805388, 0.99832141, -0.029559942, 0;
 -0.96116221, 0.055953626, 0.27025244, 0;
 3.9305782, -0.26450178, -14.085073, 1]
192 19.9064200000
[0.27246016, 0.015072328, 0.96204901, 0;
 0.047559675, 0.99844408, -0.029111816, 0;
 -0.96099091, 0.053686548, 0.27131939, 0;
 3.8992903, -0.24899325, -14.221815, 1]
193 20.0100300000
[0.27017167, 0.014765351, 0.96269894, 0;
 0.045378551, 0.99857599, -0.028050642, 0;
 -0.96174222, 0.051264372, 0.26911691, 0;
 3.9271588, -0.22572243, -14.33291, 1]
194 20.1136500000
[0.26853171, 0.014564035, 0.96316075, 0;
 0.044313598, 0.99864036, -0.02745527, 0;
 -0.96225101, 0.050053731, 0.2675212, 0;
 3.9447818, -0.21101636, -14.445294, 1]
195 20.2172700000
[0.26746297, 0.014619041, 0.96345723, 0;
 0.046183478, 0.99854124, -0.02797227, 0;
 -0.96246076, 0.051977351, 0.26639763, 0;
 3.9534755, -0.22617532, -14.561152, 1]
196 20.3208800000
[0.26613215, 0.012596139, 0.96385425, 0;
 0.049709842, 0.9984048, -0.02677317, 0;
 -0.96265393, 0.055038244, 0.26508147, 0;
 3.9665716, -0.22075987, -14.678658, 1]
197 20.4245000000
[0.26613313, 0.0091400929, 0.96389294, 0;
 0.053421192, 0.99827838, -0.024215871, 0;
 -0.96245486, 0.057936955, 0.2651867, 0;
 3.9576848, -0.19268391, -14.804517, 1]
198 20.5281200000
[0.26871043, 0.0067409161, 0.96319741, 0;
 0.056454137, 0.9981463, -0.022734942, 0;
 -0.9615652, 0.060485594, 0.26783177, 0;
 3.9056227, -0.1757217, -14.942622, 1]
199 20.6317300000
[0.26774752, 0.0092299981, 0.96344489, 0;
 0.054551635, 0.99820483, -0.024723254, 0;
 -0.96194357, 0.059177082, 0.26676336, 0;
 3.9160898, -0.20275113, -15.063453, 1]
200 20.7353500000
[0.26675564, 0.0078465175, 0.96373224, 0;
 0.055619072, 0.99817497, -0.023521988, 0;
 -0.96215796, 0.059876516, 0.26583239, 0;
 3.929327, -0.18757105, -15.182961, 1]
201 20.8389600000
[0.2672272, 0.0087459618, 0.96359384, 0;
 0.054399293, 0.99822724, -0.02414651, 0;
 -0.96209687, 0.058871429, 0.2662777, 0;
 3.9184794, -0.19008723, -15.30954, 1]
202 20.9425800000
[0.2665205, 0.01324636, 0.9637382, 0;
 0.04971423, 0.99838561, -0.027470984, 0;
 -0.96254629, 0.055233084, 0.2654317, 0;
 3.9279091, -0.22406533, -15.43201, 1]
203 21.0463200000
[0.26629049, 0.015325775, 0.96377099, 0;
 0.046622746, 0.99849844, -0.0287599, 0;
 -0.96276462, 0.052592136, 0.26517612, 0;
 3.9297812, -0.23083404, -15.556179, 1]
204 21.1499400000
[0.26515245, 0.015554513, 0.96408105, 0;
 0.044449344, 0.99860966, -0.02833656, 0;
 -0.96318144, 0.050366279, 0.26409242, 0;
 3.9472053, -0.21633843, -15.675939, 1]
205 21.2535500000
[0.26613882, 0.015200885, 0.96381485, 0;
 0.046017617, 0.99853528, -0.028455354, 0;
 -0.96283567, 0.051925536, 0.26504949, 0;
 3.9281621, -0.22356896, -15.801216, 1]
206 21.3571700000
[0.26620883, 0.017802097, 0.96375096, 0;
 0.044701822, 0.99852574, -0.030792052, 0;
 -0.96287829, 0.051278539, 0.26502055, 0;
 3.9253209, -0.2556476, -15.920992, 1]
207 21.4608200000
[0.26781386, 0.019544302, 0.96327239, 0;
 0.042567253, 0.99857795, -0.032095395, 0;
 -0.9625299, 0.049599454, 0.26660109, 0;
 3.894886, -0.26721537, -16.039803, 1]
208 21.5646200000
[0.26561433, 0.016804302, 0.96393287, 0;
 0.041337349, 0.99873006, -0.028801542, 0;
 -0.96319276, 0.047496531, 0.26458237, 0;
 3.930958, -0.20932965, -16.140867, 1]
209 21.6681400000
[0.26242748, 0.016472794, 0.96481109, 0;
 0.039511777, 0.99883229, -0.027800815, 0;
 -0.96414244, 0.0454171, 0.26147017, 0;
 3.9843733, -0.18705069, -16.229441, 1]
210 21.7717900000
[0.2582821, 0.016330453, 0.96593148, 0;
 0.039052077, 0.9988634, -0.027329415, 0;
 -0.96527988, 0.044780329, 0.2573508, 0;
 4.0555305, -0.17871155, -16.312897, 1]
211 21.8753600000
[0.25544962, 0.016702026, 0.96667808, 0;
 0.038729656, 0.99887145, -0.027492763, 0;
 -0.96604633, 0.044462126, 0.25451446, 0;
 4.1036668, -0.18046038, -16.399075, 1]
212 21.9790400000
[0.25214168, 0.01646778, 0.96755022, 0;
 0.038675986, 0.9988848, -0.027079985, 0;
 -0.96691716, 0.044248953, 0.25122359, 0;
 4.160543, -0.17434873, -16.483692, 1]
213 22.0826500000
[0.24905603, 0.015363074, 0.96836722, 0;
 0.0388062, 0.99891287, -0.025828311, 0;
 -0.96771133, 0.044011351, 0.24818909, 0;
 4.2138486, -0.15441489, -16.568722, 1]
214 22.1862100000
[0.2451804, 0.017539252, 0.96931881, 0;
 0.034886282, 0.99902916, -0.026901012, 0;
 -0.9688496, 0.040411532, 0.2443305, 0;
 4.2805901, -0.1568432, -16.649397, 1]
215 22.2902500000
[0.24138102, 0.022846691, 0.97016144, 0;
 0.025342533, 0.99923348, -0.029836668, 0;
 -0.97009945, 0.031788353, 0.24061701, 0;
 4.3451133, -0.16481598, -16.730001, 1]
216 22.3935700000
[0.23718123, 0.033864867, 0.97087497, 0;
 0.017722212, 0.99907506, -0.03917798, 0;
 -0.97130376, 0.026498334, 0.2363617, 0;
 4.4166279, -0.28833821, -16.806669, 1]
217 22.4972500000
[0.23476836, 0.036843363, 0.97135288, 0;
 0.028261172, 0.9986003, -0.044707362, 0;
 -0.97164041, 0.037947442, 0.23339853, 0;
 4.4619985, -0.42846239, -16.888702, 1]
218 22.6008500000
[0.23314433, 0.030821063, 0.97195357, 0;
 0.036981817, 0.99849355, -0.040533554, 0;
 -0.9717387, 0.045394778, 0.23165329, 0;
 4.4923983, -0.39708722, -16.97715, 1]
219 22.7044400000
[0.23120663, 0.020857243, 0.97268105, 0;
 0.035869755, 0.99890769, -0.029945876, 0;
 -0.97224319, 0.041813519, 0.23020594, 0;
 4.5259767, -0.21208432, -17.066032, 1]
220 22.8081000000
[0.22695613, 0.013592686, 0.97381014, 0;
 0.030208247, 0.99932325, -0.020989137, 0;
 -0.97343636, 0.034180708, 0.22639191, 0;
 4.6010618, -0.033745058, -17.144192, 1]
221 22.9117700000
[0.22307923, 0.011335392, 0.97473443, 0;
 0.02528714, 0.99952859, -0.017410984, 0;
 -0.97447228, 0.028532276, 0.22268744, 0;
 4.6688957, 0.050528836, -17.221066, 1]
222 23.0153900000
[0.2195823, 0.011628411, 0.97552466, 0;
 0.023551485, 0.99957436, -0.017216327, 0;
 -0.97530967, 0.026755454, 0.21921498, 0;
 4.7310119, 0.06197029, -17.29846, 1]
223 23.1190100000
[0.21627145, 0.011906116, 0.97626066, 0;
 0.02964888, 0.9993844, -0.018756254, 0;
 -0.97588301, 0.033001479, 0.21578531, 0;
 4.7915783, 0.006394872, -17.376616, 1]
224 23.2226500000
[0.21369287, 0.015671715, 0.97677517, 0;
 0.033751138, 0.99915594, -0.023414666, 0;
 -0.9763177, 0.037970819, 0.21298358, 0;
 4.8390083, -0.09458594, -17.457336, 1]
225 23.3263700000
[0.21053988, 0.018528972, 0.97740966, 0;
 0.034917478, 0.99903983, -0.026460454, 0;
 -0.97696149, 0.039699659, 0.20969073, 0;
 4.8958097, -0.15426472, -17.536789, 1]
226 23.4300700000
[0.20675254, 0.018736193, 0.97821385, 0;
 0.034681518, 0.99904794, -0.026465427, 0;
 -0.97777838, 0.039397735, 0.20590588, 0;
 4.9639983, -0.15410879, -17.612556, 1]
227 23.5337100000
[0.2037055, 0.016523836, 0.97889274, 0;
 0.035719674, 0.99906641, -0.02429756, 0;
 -0.97838038, 0.039915275, 0.20292512, 0;
 5.0189648, -0.12124485, -17.692104, 1]
228 23.6373200000
[0.20048152, 0.0153528, 0.97957718, 0;
 0.035483416, 0.99910736, -0.022920975, 0;
 -0.97905469, 0.039353978, 0.1997578, 0;
 5.0775714, -0.096186958, -17.77112, 1]
229 23.7410800000
[0.19849803, 0.014372313, 0.97999591, 0;
 0.036864512, 0.99907547, -0.022119028, 0;
 -0.97940773, 0.040517651, 0.19778468, 0;
 5.1137328, -0.088593386, -17.858124, 1]
231 23.9484300000
[0.19508028, 0.015249253, 0.98066872, 0;
 0.038250241, 0.99900013, -0.023143264, 0;
 -0.98004115, 0.042025607, 0.19430195, 0;
 5.1750169, -0.1152553, -18.027784, 1]
233 24.1556500000
[0.19269048, 0.010128475, 0.98120731, 0;
 0.041724622, 0.99895775, -0.018505627, 0;
 -0.98037207, 0.044506364, 0.19206704, 0;
 5.2192788, -0.048718221, -18.20512, 1]
234 24.2593900000
[0.1915448, 0.0083640516, 0.98144823, 0;
 0.042096186, 0.99897349, -0.016729128, 0;
 -0.98058069, 0.044519607, 0.1909961, 0;
 5.2404537, -0.018299319, -18.294199, 1]
236 24.4666200000
[0.1877993, 0.014032101, 0.98210716, 0;
 0.037659258, 0.99905986, -0.02147555, 0;
 -0.98148519, 0.04101852, 0.1870943, 0;
 5.3108716, -0.082760595, -18.464678, 1]
238 24.6738700000
[0.1860947, 0.015364227, 0.98241168, 0;
 0.035461359, 0.99912125, -0.02234287, 0;
 -0.98189169, 0.038995542, 0.18538633, 0;
 5.3358912, -0.08558841, -18.63578, 1]
240 24.8812100000
[0.18339252, 0.017270273, 0.98288804, 0;
 0.029785935, 0.99928898, -0.023116071, 0;
 -0.98258841, 0.033515554, 0.18274772, 0;
 5.3872495, -0.068486914, -18.800804, 1]
242 25.0883200000
[0.18101393, 0.015297467, 0.98336154, 0;
 0.029792331, 0.99933487, -0.021030026, 0;
 -0.98302919, 0.033103362, 0.18043779, 0;
 5.4331794, -0.027865624, -18.963278, 1]
243 25.1919500000
[0.18163683, 0.010758377, 0.98330683, 0;
 0.032127786, 0.99934143, -0.016868468, 0;
 -0.98284072, 0.034655407, 0.18117155, 0;
 5.4222069, 0.040758602, -19.061861, 1]
244 25.2955600000
[0.18333112, 0.0044249645, 0.98304129, 0;
 0.036559582, 0.9992674, -0.011316139, 0;
 -0.98237115, 0.038014177, 0.18303505, 0;
 5.3904901, 0.12487985, -19.166838, 1]
245 25.3991600000
[0.18491797, -0.00070577615, 0.98275369, 0;
 0.039995354, 0.99917668, -0.0068080793, 0;
 -0.98193979, 0.040564518, 0.18479396, 0;
 5.3568759, 0.19613016, -19.258423, 1]
247 25.6063900000
[0.18782255, 0.0096080275, 0.98215598, 0;
 0.026579753, 0.99953622, -0.014861029, 0;
 -0.98184329, 0.028896701, 0.18748006, 0;
 5.3006821, 0.11502144, -19.470383, 1]
248 25.7100100000
[0.19020459, 0.011659707, 0.98167521, 0;
 0.022719853, 0.99960941, -0.016274806, 0;
 -0.98148155, 0.025399059, 0.1898654, 0;
 5.2501884, 0.1093904, -19.571245, 1]
249 25.8136200000
[0.19362481, 0.013339431, 0.98098499, 0;
 0.020519534, 0.99963379, -0.017643122, 0;
 -0.98086107, 0.0235455, 0.19328019, 0;
 5.1806979, 0.095991656, -19.682083, 1]
250 25.9172600000
[0.19730455, 0.012164341, 0.98026675, 0;
 0.022723455, 0.99959761, -0.016977916, 0;
 -0.98007888, 0.025624868, 0.19694875, 0;
 5.1076288, 0.10043982, -19.793772, 1]
251 26.0208500000
[0.20125385, 0.011695148, 0.9794693, 0;
 0.023185119, 0.99959171, -0.016699316, 0;
 -0.97926468, 0.026069915, 0.20090051, 0;
 5.0272722, 0.1061576, -19.909819, 1]
253 26.2281000000
[0.20609714, 0.016787512, 0.97838753, 0;
 0.013278289, 0.99971277, -0.019950489, 0;
 -0.97844142, 0.01710305, 0.20581505, 0;
 4.9254355, 0.093797326, -20.124525, 1]
254 26.3317300000
[0.20719701, 0.018229218, 0.97812939, 0;
 0.0035963033, 0.99980545, -0.019394996, 0;
 -0.97829264, 0.0075362353, 0.20709114, 0;
 4.8987651, 0.15366213, -20.224785, 1]
255 26.4354400000
[0.20807594, 0.021050103, 0.97788614, 0;
 -0.0032813891, 0.99977779, -0.020823127, 0;
 -0.97810715, 0.0011239664, 0.20809877, 0;
 4.8771439, 0.15941472, -20.324322, 1]
256 26.5390600000
[0.20848538, 0.022054728, 0.97777677, 0;
 -0.0045781541, 0.99975675, -0.021574337, 0;
 -0.97801477, 2.1520997e-05, 0.20853564, 0;
 4.8685536, 0.15138274, -20.420162, 1]
257 26.6426700000
[0.2093697, 0.02050703, 0.9776215, 0;
 -0.0030357733, 0.99978888, -0.020321874, 0;
 -0.97783184, 0.0012869474, 0.20938775, 0;
 4.8516431, 0.17052716, -20.517765, 1]
258 26.7463100000
[0.21178904, 0.017533483, 0.97715813, 0;
 -0.0014027103, 0.99984348, -0.017636511, 0;
 -0.97731441, 0.00236455, 0.21178047, 0;
 4.8010406, 0.21896116, -20.623224, 1]
259 26.8499200000
[0.21322832, 0.016336646, 0.97686583, 0;
 -0.0038861192, 0.99986649, -0.015873043, 0;
 -0.97699469, -0.00041163465, 0.21326333, 0;
 4.769937, 0.26896173, -20.723309, 1]
260 26.9535300000
[0.21452591, 0.017900277, 0.97655427, 0;
 -0.0056280601, 0.99983811, -0.017090717, 0;
 -0.97670209, -0.0018297042, 0.21459192, 0;
 4.7410822, 0.25263107, -20.821238, 1]
261 27.0572600000
[0.2154227, 0.020180754, 0.97631234, 0;
 -0.0073942211, 0.9997915, -0.019034548, 0;
 -0.97649288, -0.0031185956, 0.21552701, 0;
 4.7210841, 0.22144632, -20.917505, 1]
262 27.1608900000
[0.21666774, 0.021377206, 0.97601134, 0;
 -0.0063107708, 0.99976999, -0.020496635, 0;
 -0.97622502, -0.0017184241, 0.21675281, 0;
 4.6953602, 0.18624127, -21.015636, 1]
263 27.2645300000
[0.21829925, 0.020221513, 0.97567236, 0;
 -0.0046267379, 0.9997955, -0.019686285, 0;
 -0.97587091, -0.00021667921, 0.21834818, 0;
 4.6617956, 0.19617341, -21.116426, 1]
264 27.3682300000
[0.21993528, 0.018472278, 0.97533953, 0;
 -0.0027282112, 0.99982846, -0.018320881, 0;
 -0.97551066, 0.0013684758, 0.21994795, 0;
 4.6269846, 0.2170043, -21.216339, 1]
265 27.4718500000
[0.22110489, 0.017981064, 0.97508425, 0;
 -0.0024472082, 0.9998371, -0.017882602, 0;
 -0.97524697, 0.0015676967, 0.22111286, 0;
 4.6021028, 0.22627001, -21.31295, 1]
266 27.5754800000
[0.2224514, 0.018015813, 0.97477728, 0;
 -0.0036010174, 0.99983764, -0.017657198, 0;
 -0.97493714, 0.00041767838, 0.22248016, 0;
 4.5718813, 0.2372776, -21.409666, 1]
267 27.6792000000
[0.22321488, 0.016207468, 0.97463453, 0;
 -0.0035170072, 0.99986863, -0.015821613, 0;
 -0.97476292, 0.00010382308, 0.22324257, 0;
 4.5533657, 0.27938864, -21.483294, 1]
269 27.8865600000
[0.22521591, 0.017376861, 0.97415394, 0;
 -0.0046002064, 0.99984878, -0.016771674, 0;
 -0.974298, -0.00070406107, 0.22526179, 0;
 4.5112514, 0.26389384, -21.697212, 1]
270 27.9901700000
[0.22560936, 0.018096112, 0.97404975, 0;
 -0.0040708859, 0.99983627, -0.017632281, 0;
 -0.97420937, 1.2761975e-05, 0.22564608, 0;
 4.4987364, 0.24690345, -21.766085, 1]
272 28.1974100000
[0.22699872, 0.016501287, 0.97375524, 0;
 -0.0045473883, 0.99986351, -0.015883645, 0;
 -0.97388446, -0.00082247652, 0.22704276, 0;
 4.4689221, 0.28919744, -21.962555, 1]
274 28.4046400000
[0.22291943, 0.016162692, 0.97470289, 0;
 -0.0067781555, 0.9998641, -0.01502972, 0;
 -0.97481328, -0.0032562707, 0.22299869, 0;
 4.5990295, 0.32334167, -22.096306, 1]
276 28.6118700000
[0.22613877, 0.017126257, 0.97394454, 0;
 -0.0060815876, 0.99985075, -0.016169729, 0;
 -0.97407609, -0.0022665267, 0.22620918, 0;
 4.4897027, 0.29348662, -22.316631, 1]
278 28.8192300000
[0.22548912, 0.014036451, 0.97414458, 0;
 -0.006516844, 0.99989557, -0.012899017, 0;
 -0.97422391, -0.0034397603, 0.22555704, 0;
 4.5043826, 0.37204224, -22.492571, 1]
280 29.0264600000
[0.22509643, 0.014712984, 0.9742254, 0;
 -0.0080314446, 0.99988002, -0.013244747, 0;
 -0.97430336, -0.0048430925, 0.22518758, 0;
 4.5125237, 0.37316683, -22.671144, 1]
282 29.2338400000
[0.22575669, 0.014870009, 0.97407025, 0;
 -0.0066708452, 0.99988365, -0.013717996, 0;
 -0.97416085, -0.0034009421, 0.22582962, 0;
 4.4901929, 0.3617931, -22.852692, 1]
284 29.4410400000
[0.22669998, 0.014565274, 0.97385573, 0;
 -0.0072667617, 0.99988562, -0.013262985, 0;
 -0.97393751, -0.0040700589, 0.22677989, 0;
 4.4664359, 0.38026297, -23.044752, 1]
286 29.6482600000
[0.22677939, 0.015232876, 0.973827, 0;
 -0.0085221957, 0.99987042, -0.013655653, 0;
 -0.97390884, -0.0052023237, 0.22687984, 0;
 4.463614, 0.37962765, -23.219406, 1]
288 29.8556200000
[0.22727302, 0.012597919, 0.97374958, 0;
 -0.0089975484, 0.99990082, -0.010836225, 0;
 -0.97378951, -0.0062985769, 0.22736382, 0;
 4.4530678, 0.4500587, -23.40307, 1]
290 30.0627300000
[0.22785765, 0.013362047, 0.97360277, 0;
 -0.0073289378, 0.99990106, -0.012007741, 0;
 -0.97366685, -0.0043994184, 0.22793303, 0;
 4.4423261, 0.41789356, -23.586874, 1]
292 30.2699600000
[0.22831067, 0.011951545, 0.97351497, 0;
 -0.0073528267, 0.99991733, -0.010551279, 0;
 -0.97356057, -0.004749117, 0.22837968, 0;
 4.4316354, 0.45530844, -23.765217, 1]
294 30.4772200000
[0.22771855, 0.013421031, 0.97363448, 0;
 -0.0092441672, 0.99988973, -0.011620873, 0;
 -0.97368312, -0.0063541518, 0.22781751, 0;
 4.4466972, 0.44017288, -23.94363, 1]
296 30.6844700000
[0.22739606, 0.010395256, 0.9737469, 0;
 -0.010281398, 0.99991292, -0.008273609, 0;
 -0.97374809, -0.0081300931, 0.22748314, 0;
 4.4565296, 0.52837008, -24.12142, 1]
298 30.8917800000
[0.22639179, 0.011928012, 0.97396326, 0;
 -0.011322361, 0.99988967, -0.009613716, 0;
 -0.97397053, -0.0088510979, 0.22650187, 0;
 4.4838276, 0.50241286, -24.296703, 1]
300 31.0991400000
[0.22562617, 0.015523938, 0.97409028, 0;
 -0.011344375, 0.99984711, -0.013306751, 0;
 -0.97414792, -0.0080480939, 0.22576778, 0;
 4.5018139, 0.41559586, -24.456757, 1]
302 31.3065200000
[0.22689767, 0.010936895, 0.97385716, 0;
 -0.010666192, 0.99990487, -0.0087443218, 0;
 -0.9738602, -0.0084032817, 0.22699274, 0;
 4.462605, 0.52986944, -24.656237, 1]
304 31.5138500000
[0.22700617, 0.010845732, 0.97383291, 0;
 -0.0089010932, 0.99991935, -0.0090613635, 0;
 -0.97385263, -0.0066111921, 0.22708438, 0;
 4.4641395, 0.51804173, -24.833097, 1]
306 31.7212500000
[0.22691846, 0.010915199, 0.97385257, 0;
 -0.0067910156, 0.99993062, -0.009625107, 0;
