0 0.0000000000000000000
[0.99997181, -0.0023180938, 0.0071428055, 0;
 0.0023025481, 0.99999499, 0.0021838602, 0;
 -0.0071478318, -0.002167352, 0.99997211, 0;
 0.13737938, 0.043324869, -0.021687333, 1]
1 0.1037359000000000059
[0.99998111, -0.0050699143, 0.0034735326, 0;
 0.0050687487, 0.99998707, 0.00034428493, 0;
 -0.0034752334, -0.00032667196, 0.99999392, 0;
 0.1370253, 0.043364126, -0.063912332, 1]
2 0.2073380999999999974
[0.99999231, -0.0038789804, -0.00059205713, 0;
 0.0038781653, 0.99999154, -0.0013716774, 0;
 0.00059737283, 0.0013693707, 0.99999887, 0;
 0.13689174, 0.043340769, -0.10717091, 1]
3 0.3110751999999999962
[0.99998236, -0.0038588706, -0.0045153559, 0;
 0.0038462109, 0.99998868, -0.0028090184, 0;
 0.0045261444, 0.0027916019, 0.99998587, 0;
 0.13672429, 0.043199617, -0.15132636, 1]
4 0.4146916999999999964
[0.99995041, -0.0023363049, -0.0096810302, 0;
 0.0023038567, 0.99999171, -0.0033615229, 0;
 0.0096888039, 0.0033390524, 0.99994749, 0;
 0.13598134, 0.043535817, -0.19667442, 1]
5 0.5184301999999999522
[0.9998945, -0.0037915593, -0.014021946, 0;
 0.0037398259, 0.99998611, -0.0037138495, 0;
 0.014035833, 0.0036610181, 0.9998948, 0;
 0.13538244, 0.043342568, -0.242873, 1]
6 0.6220447999999999533
[0.99983811, -0.0016945102, -0.017913286, 0;
 0.0016087762, 0.99998719, -0.0047993856, 0;
 0.017921189, 0.0047697905, 0.99982804, 0;
 0.13523218, 0.043705277, -0.28965321, 1]
7 0.7257976999999999901
[0.99972868, 0.0011522599, -0.023265591, 0;
 -0.0012858621, 0.99998277, -0.0057283365, 0;
 0.023258589, 0.0057566985, 0.99971288, 0;
 0.13370569, 0.043746192, -0.33761746, 1]
8 0.8294198999999999877
[0.99962336, 0.0013485469, -0.027410127, 0;
 -0.0014664374, 0.99998975, -0.0042813346, 0;
 0.027404072, 0.0043199169, 0.99961513, 0;
 0.13271724, 0.044328287, -0.386794, 1]
9 0.9331466999999999956
[0.99948442, 0.00033215302, -0.032104954, 0;
 -0.00037280275, 0.99999917, -0.0012601736, 0;
 0.032104507, 0.0012714927, 0.9994837, 0;
 0.13081042, 0.045935608, -0.43633038, 1]
10 1.0369099999999999984
[0.99936527, 0.00015021881, -0.035622779, 0;
 -0.00010560103, 0.99999923, 0.0012543853, 0;
 0.035622939, -0.0012498273, 0.9993645, 0;
 0.12962319, 0.047285955, -0.48594105, 1]
11 1.1404970000000000940
[0.99927932, 0.0015789379, -0.037925165, 0;
 -0.0015491642, 0.99999845, 0.0008144388, 0;
 0.037926394, -0.00075509958, 0.99928027, 0;
 0.12909968, 0.047963999, -0.53612584, 1]
13 1.3479790000000000383
[0.99908817, -0.0019412035, -0.042650633, 0;
 0.0019445649, 0.99999809, 3.7324276e-05, 0;
 0.04265048, -0.00012022717, 0.99909008, 0;
 0.12610999, 0.047661565, -0.63742417, 1]
15 1.5552120000000000388
[0.99893928, -0.003640112, -0.045903493, 0;
 0.003660884, 0.99999321, 0.00036845537, 0;
 0.045901839, -0.00053611188, 0.99894583, 0;
 0.12430965, 0.04824039, -0.74033815, 1]
17 1.7625690000000000524
[0.9987725, -0.0010362064, -0.049522042, 0;
 0.00079982867, 0.9999882, -0.0047927592, 0;
 0.049526423, 0.0047472673, 0.99876153, 0;
 0.12139795, 0.045098633, -0.84592426, 1]
19 1.9699230000000000906
[0.99863088, 0.0040733851, -0.052151836, 0;
 -0.0044006309, 0.99997133, -0.0061615761, 0;
 0.052125242, 0.0063826409, 0.99862015, 0;
 0.12007105, 0.045341115, -0.95281738, 1]
21 2.1772809999999997999
[0.99848258, 0.0038207371, -0.054935284, 0;
 -0.0040002046, 0.99998701, -0.0031572969, 0;
 0.05492251, 0.0033722583, 0.99848491, 0;
 0.11759807, 0.0490954, -1.0618731, 1]
23 2.3846389999999999532
[0.99831349, 0.0026191778, -0.05799453, 0;
 -0.0028590525, 0.99998772, -0.0040535717, 0;
 0.057983197, 0.0042125448, 0.99830866, 0;
 0.11395964, 0.048746064, -1.1717801, 1]
25 2.5919880000000001807
[0.99821693, 0.0017159425, -0.05966612, 0;
 -0.0018896087, 0.99999416, -0.0028543323, 0;
 0.059660871, 0.0029619883, 0.9982143, 0;
 0.11229382, 0.051251721, -1.2832973, 1]
27 2.7993670000000001608
[0.99826694, 0.0035674446, -0.058739737, 0;
 -0.0033137067, 0.99998474, 0.0044165417, 0;
 0.058754597, -0.0042142412, 0.99826354, 0;
 0.11359604, 0.062564015, -1.3953798, 1]
29 3.0067680000000001073
[0.99847913, 0.0022156197, -0.055086005, 0;
 -0.0017489793, 0.99996221, 0.0085178902, 0;
 0.055102795, -0.0084085921, 0.99844527, 0;
 0.11965585, 0.070061296, -1.5081431, 1]
31 3.2140569999999999418
[0.99858689, 0.0036058226, -0.053020507, 0;
 -0.0035837865, 0.99999344, 0.00051067892, 0;
 0.053022001, -0.00031994312, 0.99859327, 0;
 0.12289677, 0.058524713, -1.623062, 1]
33 3.4212850000000001316
[0.99870056, 0.00054851908, -0.050960202, 0;
 -0.00062002073, 0.99999887, -0.0013872904, 0;
 0.050959382, 0.0014170841, 0.99869972, 0;
 0.12682527, 0.055811293, -1.7394637, 1]
34 3.5249250000000000860
[0.9986763, -0.0011302001, -0.05142368, 0;
 0.0013074352, 0.99999332, 0.0034130591, 0;
 0.051419478, -0.0034757743, 0.99867111, 0;
 0.125732, 0.064601324, -1.7983081, 1]
36 3.7322560000000000180
[0.99852031, -0.011529369, -0.053143498, 0;
 0.011867186, 0.99991131, 0.0060455119, 0;
 0.053069081, -0.0066672303, 0.99856859, 0;
 0.12271138, 0.069556773, -1.9164268, 1]
37 3.8358710000000000306
[0.99841905, -0.013216116, -0.054633282, 0;
 0.013338514, 0.99990928, 0.0018763145, 0;
 0.054603528, -0.0026020748, 0.9985047, 0;
 0.11978576, 0.061569277, -1.9758099, 1]
39 4.0431070000000000064
[0.99825156, -0.011822327, -0.057913873, 0;
 0.011672322, 0.99992758, -0.0029277429, 0;
 0.057944294, 0.0022466346, 0.9983173, 0;
 0.11342217, 0.052899275, -2.09621, 1]
40 4.1468879999999996855
[0.99819702, -0.011879914, -0.058834735, 0;
 0.011803949, 0.99992901, -0.0016385447, 0;
 0.058850024, 0.00094110827, 0.9982664, 0;
 0.11159863, 0.056167576, -2.1574028, 1]
42 4.3542019999999999058
[0.99809206, -0.008689614, -0.061128557, 0;
 0.0088639986, 0.99995738, 0.0025821547, 0;
 0.061103512, -0.0031190715, 0.99812657, 0;
 0.10732006, 0.067105316, -2.2789676, 1]
44 4.5615589999999999193
[0.99803585, -0.0074811312, -0.062196843, 0;
 0.0080147414, 0.99993312, 0.0083343107, 0;
 0.062130336, -0.0088164331, 0.99802911, 0;
 0.10497173, 0.082595907, -2.400527, 1]
45 4.6652930000000001343
[0.9980638, -0.0010711148, -0.062189639, 0;
 0.0017121998, 0.99994594, 0.010256172, 0;
 0.062175293, -0.010342795, 0.99801165, 0;
 0.10597943, 0.088552721, -2.4612069, 1]
47 4.8725319999999996412
[0.99804491, -0.001074963, -0.062491518, 0;
 0.0015788878, 0.99996662, 0.0080150682, 0;
 0.062480818, -0.0080980649, 0.99801332, 0;
 0.10526931, 0.084603451, -2.58215, 1]
49 5.0799089999999997858
[0.99799877, 0.00094762264, -0.063226402, 0;
 -0.00056958915, 0.99998188, 0.0059968014, 0;
 0.063230939, -0.0059487876, 0.99798119, 0;
 0.10411327, 0.08126545, -2.7026937, 1]
51 5.2871170000000002887
[0.99785942, -0.0008389937, -0.06539049, 0;
 0.0013533742, 0.99996847, 0.0078223897, 0;
 0.06538187, -0.0078941435, 0.99782908, 0;
 0.098236889, 0.087299637, -2.8226173, 1]
53 5.4944730000000001624
[0.99777812, 0.0020159555, -0.066593699, 0;
 -0.0019960317, 0.99999791, 0.00036571763, 0;
 0.066594295, -0.00023198192, 0.99778008, 0;
 0.09519738, 0.067835957, -2.9416771, 1]
55 5.7018290000000000362
[0.99773932, 0.0016076167, -0.067184106, 0;
 -0.0014350584, 0.99999553, 0.0026166209, 0;
 0.067188017, -0.0025142923, 0.99773717, 0;
 0.093709864, 0.075935498, -3.0596623, 1]
57 5.9091849999999999099
[0.99770308, -0.0019647812, -0.067710467, 0;
 0.002388207, 0.99997807, 0.0061730989, 0;
 0.067696854, -0.006320626, 0.99768591, 0;
 0.092119269, 0.087970644, -3.176909, 1]
59 6.1165409999999997837
[0.99765694, -0.0074796779, -0.068005152, 0;
 0.0077440813, 0.99996346, 0.0036252011, 0;
 0.067975551, -0.0041433442, 0.9976784, 0;
 0.091707356, 0.080969289, -3.2932904, 1]
61 6.3238950000000002660
[0.99742568, -0.01251961, -0.070606448, 0;
 0.013176004, 0.99987411, 0.0088384487, 0;
 0.070486903, -0.0097460067, 0.99746507, 0;
 0.082988456, 0.099483386, -3.4080966, 1]
63 6.5313829999999999387
[0.99739605, -0.011326759, -0.071223728, 0;
 0.01250547, 0.9997918, 0.016125318, 0;
 0.071026251, -0.016974015, 0.99733001, 0;
 0.081820771, 0.1267233, -3.5223973, 1]
65 6.7387410000000000920
[0.9972294, -0.0080573335, -0.073950186, 0;
 0.0084039615, 0.99995512, 0.0043773432, 0;
 0.0739116, -0.0049866899, 0.99725235, 0;
 0.071683094, 0.086780034, -3.6363294, 1]
67 6.9459629999999998873
[0.99711424, -0.0022030503, -0.075883418, 0;
 0.0022635399, 0.9999972, 0.00071114232, 0;
 0.075881638, -0.00088085531, 0.99711645, 0;
 0.06502261, 0.075042978, -3.7470143, 1]
69 7.1533230000000003201
[0.99693251, 0.0029473174, -0.078210503, 0;
 -0.0026053209, 0.99998659, 0.0044744476, 0;
 0.07822264, -0.0042569586, 0.99692684, 0;
 0.055953227, 0.091435701, -3.8542244, 1]
71 7.3605489999999997863
[0.99672604, 0.0055232663, -0.080664344, 0;
 -0.0051581943, 0.9999755, 0.004733494, 0;
 0.080688506, -0.0043019145, 0.99673009, 0;
 0.047146928, 0.093630008, -3.9588299, 1]
73 7.5677859999999999019
[0.9964956, 0.0060255774, -0.083427526, 0;
 -0.0055560772, 0.9999674, 0.0058586672, 0;
 0.083460107, -0.0053746062, 0.99649662, 0;
 0.036230344, 0.099962972, -4.0591125, 1]
76 7.8787539999999998130
[0.99615115, 0.010103344, -0.087068126, 0;
 -0.0089590754, 0.99986845, 0.013522999, 0;
 0.087193295, -0.012690901, 0.99611056, 0;
 0.021563619, 0.13386369, -4.2044692, 1]
78 8.0861110000000007147
[0.99584281, 0.016374012, -0.089604333, 0;
 -0.015423115, 0.99981725, 0.01129433, 0;
 0.089772895, -0.0098653995, 0.99591339, 0;
 0.011512977, 0.1265181, -4.2970643, 1]
80 8.2934699999999992315
[0.99561983, 0.015444912, -0.092209235, 0;
 -0.015704548, 0.99987447, -0.0020907568, 0;
 0.092165373, 0.0035297035, 0.99573743, 0;
 0.0017550476, 0.069156781, -4.38587, 1]
82 8.5008470000000002642
[0.99546039, 0.0189004, -0.093281522, 0;
 -0.018924614, 0.99982071, 0.00062506151, 0;
 0.093276612, 0.0011430929, 0.99563956, 0;
 -0.0023275756, 0.082555056, -4.4691234, 1]
85 8.8117950000000000443
[0.9953357, 0.0082678683, -0.096116818, 0;
 -0.0088322796, 0.99994618, -0.0054481653, 0;
 0.096066602, 0.0062716845, 0.99535513, 0;
 -0.015336429, 0.057232171, -4.5846033, 1]
88 9.1228899999999999437
[0.99611253, 0.011439667, -0.08734373, 0;
 -0.012171557, 0.9998951, -0.0078514433, 0;
 0.087244749, 0.0088840304, 0.99614727, 0;
 0.026466565, 0.047696583, -4.6908045, 1]
91 9.4339860000000008711
[0.99762362, 0.0015982077, -0.068880647, 0;
 -0.0014351967, 0.99999607, 0.0024159944, 0;
 0.068884239, -0.0023113959, 0.99762195, 0;
 0.11295436, 0.097569689, -4.7880731, 1]
94 9.7453420000000008372
[0.99956435, 0.015475096, -0.025132254, 0;
 -0.015412684, 0.99987763, 0.0026751652, 0;
 0.025170578, -0.0022866444, 0.99968058, 0;
 0.32223719, 0.10546023, -4.8698087, 1]
97 10.0569299999999994810
[0.99857265, 0.0092341201, 0.052605994, 0;
 -0.0095500695, 0.99993783, 0.0057577565, 0;
 -0.052549552, -0.0062519293, 0.99859875, 0;
 0.69896245, 0.12360363, -4.9141521, 1]
99 10.2646599999999992292
[0.99230647, 0.0085748341, 0.12350856, 0;
 -0.0095892856, 0.99992496, 0.0076214895, 0;
 -0.12343394, -0.0087472126, 0.99231422, 0;
 1.0455121, 0.13675797, -4.905663, 1]
101 10.4726400000000001711
[0.97766441, 0.0082883537, 0.21000859, 0;
 -0.010086502, 0.99992108, 0.0074926214, 0;
 -0.20992991, -0.0094435215, 0.97767085, 0;
 1.4695572, 0.14116022, -4.847137, 1]
104 10.7846100000000006958
[0.93011314, 0.011948193, 0.36707869, 0;
 -0.013029518, 0.999915, 0.00046787696, 0;
 -0.36704189, -0.0052180365, 0.93018979, 0;
 2.2413788, 0.1228418, -4.6167631, 1]
107 11.0965900000000008419
[0.84238362, 0.011731297, 0.53875059, 0;
 -0.010317651, 0.99993086, -0.0056409501, 0;
 -0.5387795, -0.00080679642, 0.84244645, 0;
 3.084384, 0.10067154, -4.1728311, 1]
109 11.3043099999999991923
[0.76532072, 0.0098105967, 0.64357436, 0;
 -0.0080830976, 0.99995148, -0.0056309872, 0;
 -0.64359838, -0.00089256314, 0.76536286, 0;
 3.5966556, 0.10153767, -3.7840693, 1]
111 11.5119199999999999307
[0.67734677, 0.0086950501, 0.73561251, 0;
 -0.0086466651, 0.99995518, -0.0038578326, 0;
 -0.73561311, -0.0037475047, 0.67739159, 0;
 4.044415, 0.11632711, -3.3427825, 1]
113 11.7192699999999998539
[0.58373338, 0.004841662, 0.81193095, 0;
 -4.8746275e-05, 0.99998242, -0.0059279939, 0;
 -0.81194538, 0.0034207895, 0.58372337, 0;
 4.4146228, 0.078531377, -2.8769581, 1]
115 11.9263799999999999812
[0.48931623, 0.0099037904, 0.87205017, 0;
 -0.0057194214, 0.99995047, -0.0081471168, 0;
 -0.87208766, -0.0010011061, 0.48934862, 0;
 4.7052884, 0.10365538, -2.411948, 1]
117 12.1336099999999991184
[0.40100279, 0.0094749024, 0.91602784, 0;
 0.00066343386, 0.99994326, -0.010633306, 0;
 -0.9160766, 0.0048717093, 0.40097377, 0;
 4.9175396, 0.073092267, -1.9820504, 1]
119 12.3406000000000002359
[0.32628381, -0.0013911923, 0.94527084, 0;
 0.019790193, 0.99978977, -0.0053596492, 0;
 -0.94506466, 0.02045586, 0.32624277, 0;
 5.0567484, -0.010954536, -1.6279522, 1]
121 12.5476700000000001012
[0.26171046, 0.010334842, 0.96509111, 0;
 0.0061603091, 0.99990439, -0.01237818, 0;
 -0.96512675, 0.0091847582, 0.2616218, 0;
 5.154511, 0.050860431, -1.3315619, 1]
122 12.6510700000000007037
[0.23351014, 0.014471664, 0.97224665, 0;
 0.002079061, 0.99987954, -0.015382313, 0;
 -0.97235215, 0.005613286, 0.2334519, 0;
 5.1902041, 0.070796326, -1.2061756, 1]
124 12.8580600000000000449
[0.18469757, 0.017901724, 0.98263234, 0;
 0.011117277, 0.99973208, -0.020302875, 0;
 -0.98273253, 0.014674088, 0.18444906, 0;
 5.2420259, 0.022853307, -0.99627662, 1]
126 13.0652000000000008129
[0.14495602, 0.030711252, 0.98896134, 0;
 0.019863788, 0.99922639, -0.033941537, 0;
 -0.98923868, 0.024564549, 0.14423385, 0;
 5.2759042, -0.031479858, -0.83629471, 1]
128 13.2723499999999994259
[0.11137991, 0.027287725, 0.9934032, 0;
 0.014634403, 0.99946952, -0.029095164, 0;
 -0.99367017, 0.01777848, 0.11092149, 0;
 5.3013678, 0.0055801757, -0.71619713, 1]
130 13.4794999999999998153
[0.083550401, 0.021507166, 0.99627143, 0;
 0.016970258, 0.99959135, -0.023002015, 0;
 -0.99635905, 0.018828811, 0.083151281, 0;
 5.3187342, 0.0018113182, -0.62928259, 1]
132 13.6867199999999993310
[0.06189448, 0.021355838, 0.99785417, 0;
 0.023883682, 0.99945307, -0.022871504, 0;
 -0.99779689, 0.025248053, 0.061350573, 0;
 5.3302283, -0.032269962, -0.57770783, 1]
135 13.9976699999999993906
[0.043077275, 0.023425093, 0.99879706, 0;
 0.0284917, 0.99928969, -0.024665469, 0;
 -0.99866539, 0.029519949, 0.042379256, 0;
 5.3392792, -0.055430669, -0.58165175, 1]
137 14.2049199999999995470
[0.032586183, 0.024105312, 0.99917817, 0;
 0.031398255, 0.99919099, -0.025129611, 0;
 -0.99897563, 0.032191329, 0.031802956, 0;
 5.3448262, -0.069450684, -0.60161239, 1]
139 14.4122699999999994702
[0.026721958, 0.02336501, 0.9993698, 0;
 0.033707961, 0.99913722, -0.024260882, 0;
 -0.9990744, 0.034335017, 0.025911314, 0;
 5.347939, -0.08015728, -0.65075868, 1]
141 14.6196800000000006747
[0.023772182, 0.022662608, 0.99946052, 0;
 0.039988801, 0.99892133, -0.023601517, 0;
 -0.99891728, 0.040528286, 0.022840289, 0;
 5.3484511, -0.11274456, -0.72030813, 1]
143 14.8268599999999999284
[0.027167179, 0.022465291, 0.99937844, 0;
 0.045291755, 0.99869305, -0.023681099, 0;
 -0.9986043, 0.045906954, 0.026114183, 0;
 5.3450103, -0.14139342, -0.82799464, 1]
145 15.0341000000000004633
[0.035192773, 0.021778837, 0.99914318, 0;
 0.04797798, 0.99857295, -0.023456333, 0;
 -0.99822819, 0.048762366, 0.034097649, 0;
 5.3379598, -0.15547679, -0.96481705, 1]
148 15.3450799999999993872
[0.047246821, 0.016399752, 0.9987486, 0;
 0.046638608, 0.99873853, -0.018605875, 0;
 -0.99779385, 0.047459316, 0.046422362, 0;
 5.3262706, -0.14306588, -1.1797007, 1]
150 15.5525500000000000966
[0.05512131, 0.016207431, 0.99834812, 0;
 0.042785663, 0.9989115, -0.018578881, 0;
 -0.99756253, 0.043739077, 0.054367866, 0;
 5.3181233, -0.12207854, -1.3256001, 1]
153 15.8636400000000001853
[0.059691928, 0.028459636, 0.99781108, 0;
 0.032244887, 0.99901688, -0.03042301, 0;
 -0.99769592, 0.033990312, 0.058715567, 0;
 5.3140993, -0.081533857, -1.5076166, 1]
156 16.1747399999999998954
[0.059555829, 0.025187243, 0.99790716, 0;
 0.0280913, 0.99924344, -0.026897479, 0;
 -0.99782962, 0.029634411, 0.058803227, 0;
 5.3158345, -0.052501131, -1.6668934, 1]
158 16.3820900000000015950
[0.059906702, 0.024769625, 0.99789661, 0;
 0.023861034, 0.99937087, -0.026238667, 0;
 -0.99791873, 0.025382718, 0.059277985, 0;
 5.3165674, -0.027506843, -1.7754712, 1]
161 16.6930900000000015382
[0.055969857, 0.026514761, 0.99808031, 0;
 0.014925357, 0.99951339, -0.027389808, 0;
 -0.99832088, 0.016429709, 0.05554688, 0;
 5.3246965, 0.020148858, -1.9132165, 1]
164 17.0041900000000012483
[0.04073029, 0.021187, 0.99894553, 0;
 0.0083645983, 0.99973291, -0.021544751, 0;
 -0.99913514, 0.0092333024, 0.040542189, 0;
 5.3547215, 0.06970451, -1.9889523, 1]
166 17.2116499999999987836
[0.024745677, 0.022101652, 0.99944943, 0;
 0.0073387357, 0.99972463, -0.02228944, 0;
 -0.99966687, 0.0078862626, 0.024576664, 0;
 5.3860164, 0.077405065, -2.0057559, 1]
169 17.5228700000000010562
[-0.0064422842, 0.020322839, 0.99977273, 0;
 0.0073429518, 0.99976748, -0.020275416, 0;
 -0.99995232, 0.0072106626, -0.0065900157, 0;
 5.447598, 0.086713843, -1.9890666, 1]
171 17.7302199999999992031
[-0.028773535, 0.02004189, 0.999385, 0;
 0.0089440001, 0.99976408, -0.019791983, 0;
 -0.99954593, 0.0083690146, -0.028946001, 0;
 5.4917436, 0.082459368, -1.9671408, 1]
173 17.9374600000000015143
[-0.05036585, 0.02135512, 0.99850249, 0;
 0.0090479311, 0.99974012, -0.0209252, 0;
 -0.99868983, 0.0079804668, -0.050545979, 0;
 5.533483, 0.083444923, -1.9476379, 1]
175 18.1448199999999992826
[-0.070040606, 0.023496158, 0.99726737, 0;
 0.010385129, 0.99968559, -0.022823758, 0;
 -0.99749011, 0.0087581603, -0.070262589, 0;
 5.5711379, 0.075261667, -1.9365867, 1]
177 18.3521700000000009823
[-0.08948651, 0.024393387, 0.99568927, 0;
 0.01155166, 0.99965823, -0.023452429, 0;
 -0.99592102, 0.0094031887, -0.089737706, 0;
 5.6088367, 0.070719674, -1.9238343, 1]
179 18.5595700000000007890
[-0.1052997, 0.022933597, 0.99417603, 0;
 0.01422731, 0.99966645, -0.021553343, 0;
 -0.99433875, 0.011874891, -0.10559087, 0;
 5.6390343, 0.062219821, -1.9283657, 1]
181 18.7668800000000004502
[-0.1143164, 0.019556077, 0.99325192, 0;
 0.02029267, 0.99964356, -0.017346377, 0;
 -0.99323714, 0.018172758, -0.1146725, 0;
 5.6567187, 0.038558856, -1.9685329, 1]
183 18.9741099999999995873
[-0.11904264, 0.017452829, 0.99273574, 0;
 0.021597555, 0.99965447, -0.01498462, 0;
 -0.9926542, 0.019656856, -0.11937844, 0;
 5.6667504, 0.037869032, -2.0299456, 1]
185 19.1814099999999996271
[-0.11876, 0.019222086, 0.99273694, 0;
 0.023568675, 0.99958545, -0.016535198, 0;
 -0.99264324, 0.021433774, -0.11916381, 0;
 5.6663342, 0.024439866, -2.116328, 1]
187 19.3886800000000008026
[-0.11059709, 0.021448102, 0.99363387, 0;
 0.024656251, 0.99951863, -0.018830746, 0;
 -0.99355942, 0.022416661, -0.11107267, 0;
 5.6489711, 0.014158709, -2.2426114, 1]
190 19.6994100000000003092
[-0.0779588, 0.022427427, 0.99670428, 0;
 0.022260671, 0.99953687, -0.02075001, 0;
 -0.99670804, 0.020569662, -0.078421943, 0;
 5.5725245, 0.02311977, -2.5366547, 1]
192 19.9065200000000004366
[-0.039797511, 0.026167985, 0.99886507, 0;
 0.019582575, 0.99948543, -0.025404016, 0;
 -0.99901587, 0.018549334, -0.040289469, 0;
 5.472683, 0.024099328, -2.815666, 1]
194 20.1134999999999983800
[0.013265138, 0.030909933, 0.99943417, 0;
 0.015677789, 0.99939281, -0.031116739, 0;
 -0.99978912, 0.016081685, 0.012772484, 0;
 5.3165855, 0.023651725, -3.1678681, 1]
196 20.3206099999999985073
[0.084755756, 0.028030746, 0.99600738, 0;
 0.012820069, 0.9994908, -0.029219709, 0;
 -0.99631929, 0.015245422, 0.084353246, 0;
 5.0771198, 0.037785631, -3.6041594, 1]
198 20.5274700000000009936
[0.17236185, 0.020088479, 0.98482883, 0;
 0.0078632217, 0.99973214, -0.021768672, 0;
 -0.98500234, 0.011496016, 0.17215772, 0;
 4.7400174, 0.084345818, -4.1016893, 1]
200 20.7344399999999993156
[0.27270749, 0.014919056, 0.9619813, 0;
 -0.00022608845, 0.99988073, -0.015442733, 0;
 -0.96209699, 0.0039938558, 0.27267832, 0;
 4.293746, 0.14286226, -4.6286907, 1]
202 20.9415100000000009572
[0.3852461, 0.01554309, 0.922683, 0;
 0.00089808088, 0.99985135, -0.017218007, 0;
 -0.92281342, 0.0074618133, 0.38517487, 0;
 3.7148528, 0.12253857, -5.1675029, 1]
204 21.1483699999999998909
[0.50462687, 0.023180211, 0.86302632, 0;
 0.0027034155, 0.99959219, -0.028428998, 0;
 -0.86333328, 0.016679155, 0.50435841, 0;
 2.9968526, 0.046707753, -5.6758871, 1]
206 21.3554400000000015325
[0.61832619, 0.030533785, 0.78532821, 0;
 -0.0051610526, 0.99938124, -0.034792684, 0;
 -0.78590465, 0.017460108, 0.61810118, 0;
 2.1916866, 0.017113522, -6.0923495, 1]
208 21.5627199999999987767
[0.72003573, 0.02982755, 0.69329566, 0;
 -0.0076992461, 0.9993577, -0.034999009, 0;
 -0.69389427, 0.019862682, 0.71980292, 0;
 1.3404324, 0.0066674417, -6.3924456, 1]
210 21.7700999999999993406
[0.80725527, 0.019024035, 0.58989573, 0;
 -0.0084059611, 0.9997496, -0.020738438, 0;
 -0.59014255, 0.011782573, 0.80721307, 0;
 0.46685594, 0.090502687, -6.5735283, 1]
212 21.9777099999999983027
[0.87596869, 0.014132912, 0.48216087, 0;
 -0.011797961, 0.99989939, -0.0078746453, 0;
 -0.48222366, 0.001209428, 0.87604731, 0;
 -0.3738319, 0.16702881, -6.6373019, 1]
215 22.2891699999999985948
[0.93755728, 0.02239274, 0.34710938, 0;
 -0.025492264, 0.9996655, 0.0043652188, 0;
 -0.34689552, -0.012941247, 0.93781447, 0;
 -1.3524859, 0.22008365, -6.5971332, 1]
219 22.7055100000000003035
[0.96964622, 0.018720251, 0.24379456, 0;
 -0.020392006, 0.99978268, 0.0043349997, 0;
 -0.24366044, -0.0091748759, 0.96981722, 0;
 -2.0556655, 0.21241266, -6.5394664, 1]
222 23.0176100000000012358
[0.97579587, 0.035759237, 0.21573998, 0;
 -0.037267834, 0.99930102, 0.002927396, 0;
 -0.2154845, -0.010896702, 0.97644645, 0;
 -2.2434194, 0.16120224, -6.5800915, 1]
224 23.2257099999999994111
[0.97631121, 0.043182224, 0.21201818, 0;
 -0.04358184, 0.99904597, -0.0027902797, 0;
 -0.2119364, -0.0065159607, 0.97726172, 0;
 -2.266896, 0.10929919, -6.6438642, 1]
226 23.4335999999999984311
[0.97503871, 0.040316753, 0.21834406, 0;
 -0.038423743, 0.99917811, -0.012910741, 0;
 -0.21868512, 0.0041988767, 0.97578645, 0;
 -2.221031, 0.055231713, -6.7340117, 1]
228 23.6414299999999997226
[0.97287512, 0.045602351, 0.22679164, 0;
 -0.042804718, 0.99893469, -0.017241053, 0;
 -0.22733626, 0.0070656403, 0.97379071, 0;
 -2.1610458, 0.018171756, -6.8309741, 1]
230 23.8489900000000005775
[0.97037691, 0.045721631, 0.23723036, 0;
 -0.044923902, 0.99895191, -0.008770356, 0;
 -0.23738271, -0.0021467628, 0.97141385, 0;
 -2.0901196, 0.075306214, -6.9337273, 1]
232 24.0564199999999992485
[0.96877378, 0.03889621, 0.24487638, 0;
 -0.040532388, 0.99917686, 0.001643779, 0;
 -0.24461088, -0.011517875, 0.96955293, 0;
 -2.0384274, 0.16034353, -7.0322514, 1]
233 24.1600099999999997635
[0.96819508, 0.034298737, 0.24783434, 0;
 -0.035920903, 0.99935257, 0.002025191, 0;
 -0.24760443, -0.010863214, 0.96880031, 0;
 -2.0165107, 0.17348509, -7.0817027, 1]
235 24.3672700000000013176
[0.96835935, 0.03030302, 0.24771339, 0;
 -0.029257575, 0.99954069, -0.0079012942, 0;
 -0.24783903, 0.00040379868, 0.96880114, 0;
 -2.0144956, 0.11706087, -7.170701, 1]
237 24.5745600000000017360
[0.96910262, 0.036093686, 0.24400289, 0;
 -0.032621119, 0.99930102, -0.018258985, 0;
 -0.24449137, 0.0097351829, 0.96960258, 0;
 -2.0392947, 0.034629256, -7.2550359, 1]
239 24.7818299999999993588
[0.97021157, 0.030169856, 0.24037313, 0;
 -0.02950985, 0.99954432, -0.0063455948, 0;
 -0.24045505, -0.00093680545, 0.97065985, 0;
 -2.0688896, 0.1277006, -7.3405509, 1]
241 24.9891299999999993986
[0.9710682, 0.033526529, 0.2364371, 0;
 -0.034230366, 0.99941331, -0.0011285852, 0;
 -0.23633622, -0.0069973948, 0.97164613, 0;
 -2.0995066, 0.15669122, -7.4280357, 1]
243 25.1963200000000000500
[0.97222334, 0.040549077, 0.23051593, 0;
 -0.039046768, 0.99917597, -0.011077263, 0;
 -0.23077515, 0.0017686724, 0.97300547, 0;
 -2.1410201, 0.071051039, -7.516551, 1]
245 25.4036399999999993327
[0.97415143, 0.036965072, 0.22285098, 0;
 -0.035029761, 0.99930644, -0.012632403, 0;
 -0.22316338, 0.0044994564, 0.97477067, 0;
 -2.1992693, 0.066270255, -7.601759, 1]
247 25.6108800000000016439
[0.97551262, 0.03195373, 0.21761005, 0;
 -0.031058565, 0.99948919, -0.0075335978, 0;
 -0.21773961, 0.00059046381, 0.97600675, 0;
 -2.2414045, 0.11406136, -7.6942425, 1]
249 25.8182200000000001694
[0.97612411, 0.023580588, 0.2159299, 0;
 -0.023241436, 0.99972141, -0.0041100965, 0;
 -0.21596667, -0.001006557, 0.9764002, 0;
 -2.2546697, 0.15853252, -7.7969728, 1]
251 26.0256800000000012574
[0.97601801, 0.029409824, 0.2156941, 0;
 -0.029115139, 0.99956572, -0.0045441817, 0;
 -0.21573406, -0.0018447604, 0.97645038, 0;
 -2.2565761, 0.14280511, -7.9050002, 1]
253 26.2329900000000009186
[0.97521645, 0.044163115, 0.21680072, 0;
 -0.043185439, 0.99902427, -0.0092475377, 0;
 -0.21699758, -0.00034428335, 0.97617209, 0;
 -2.2464473, 0.074919365, -8.0176916, 1]
256 26.5440499999999985903
[0.97281283, 0.05327573, 0.22538173, 0;
 -0.052861251, 0.9985708, -0.0078776916, 0;
 -0.2254793, -0.0042504412, 0.97423869, 0;
 -2.1745675, 0.069201104, -8.2043943, 1]
259 26.8548800000000014165
[0.97270298, 0.038561076, 0.2288273, 0;
 -0.037096754, 0.99925441, -0.010698901, 0;
 -0.22906925, 0.0019181032, 0.97340822, 0;
 -2.1438432, 0.08311715, -8.3803396, 1]
262 27.1658700000000017383
[0.97151315, 0.042573664, 0.2331301, 0;
 -0.043211143, 0.99906313, -0.0023745643, 0;
 -0.23301278, -0.0077668978, 0.97244269, 0;
 -2.108947, 0.14397024, -8.5551634, 1]
265 27.4768700000000016814
[0.97118974, 0.04144663, 0.23467578, 0;
 -0.038107086, 0.99909776, -0.018749379, 0;
 -0.23524114, 0.0092663933, 0.97189283, 0;
 -2.0887041, 0.015606448, -8.7271786, 1]
268 27.7877000000000009550
[0.97221792, 0.029645771, 0.23219281, 0;
 -0.030967871, 0.99951828, 0.0020501423, 0;
 -0.23202018, -0.0091837021, 0.97266763, 0;
 -2.1175971, 0.21546997, -8.8844814, 1]
271 28.0986499999999992383
[0.97269362, 0.038323246, 0.22890708, 0;
 -0.038302381, 0.9992559, -0.004535675, 0;
 -0.22891057, -0.0043558637, 0.97343773, 0;
 -2.1454709, 0.14158879, -9.0428991, 1]
274 28.4096299999999999386
[0.97417903, 0.034699805, 0.22309451, 0;
 -0.033019498, 0.99939132, -0.011258824, 0;
 -0.22334939, 0.0036016416, 0.9747318, 0;
 -2.1962528, 0.092378229, -9.1935244, 1]
277 28.7222800000000013654
[0.97654969, 0.040472742, 0.21145374, 0;
 -0.038368125, 0.99916494, -0.014048304, 0;
 -0.21184573, 0.0056057842, 0.97728705, 0;
 -2.3049054, 0.052912474, -9.3274746, 1]
280 29.0315599999999989222
[0.97730643, 0.045870505, 0.20680425, 0;
 -0.045292288, 0.99894536, -0.0075321817, 0;
 -0.20693165, -0.0020053876, 0.97835332, 0;
 -2.3506348, 0.098700218, -9.4750519, 1]
283 29.3425300000000000011
[0.97956818, 0.038112108, 0.19746801, 0;
 -0.035966109, 0.99924862, -0.014443923, 0;
 -0.19787014, 0.0070466511, 0.98020291, 0;
 -2.4383934, 0.05317181, -9.6104126, 1]
286 29.6534200000000005559
[0.98340416, 0.03137834, 0.17869428, 0;
 -0.031532224, 0.99950075, -0.0019796467, 0;
 -0.17866719, -0.0036878355, 0.98390263, 0;
 -2.626461, 0.18037513, -9.7171898, 1]
289 29.9646200000000000330
[0.98525894, 0.03813092, 0.16676591, 0;
 -0.039613906, 0.99919951, 0.0055740229, 0;
 -0.16641988, -0.012098105, 0.98598075, 0;
 -2.7466362, 0.23023184, -9.8391552, 1]
292 30.2757000000000005002
[0.98868281, 0.034603462, 0.14597575, 0;
 -0.033683218, 0.99939406, -0.0087718209, 0;
 -0.14619084, 0.0037556153, 0.98924929, 0;
 -2.9477668, 0.099369243, -9.9398823, 1]
295 30.5866700000000015791
[0.99145377, 0.049702886, 0.12061936, 0;
 -0.048525464, 0.99874145, -0.012681009, 0;
 -0.12109784, 0.0067195236, 0.99261785, 0;
 -3.1982429, 0.0062609911, -10.021211, 1]
298 30.8976399999999991053
[0.99394155, 0.051527474, 0.097083017, 0;
 -0.051281229, 0.99867159, -0.005031575, 0;
 -0.097213313, 2.2555419e-05, 0.99526358, 0;
 -3.4373059, 0.064433903, -10.101958, 1]
301 31.2086100000000001842
[0.99572623, 0.054048657, 0.074887022, 0;
 -0.054662965, 0.99848574, 0.0061763613, 0;
 -0.074439801, -0.010243512, 0.99717289, 0;
 -3.668025, 0.15539081, -10.180033, 1]
304 31.5200600000000008549
[0.99598956, 0.064296447, 0.062215846, 0;
 -0.063953154, 0.99792475, -0.0074956096, 0;
 -0.062568672, 0.0034866489, 0.9980346, 0;
 -3.7878728, -0.024659969, -10.297151, 1]
307 31.8306900000000005946
[0.99607033, 0.069730148, 0.054603659, 0;
 -0.070201658, 0.9975099, 0.0067628119, 0;
 -0.053996116, -0.010569504, 0.99848521, 0;
 -3.8748727, 0.095456555, -10.424022, 1]
310 32.1416499999999984993
[0.99762976, 0.055518776, 0.040650621, 0;
 -0.055620454, 0.99845105, 0.0013737609, 0;
 -0.040511385, -0.0036315108, 0.99917245, 0;
 -4.0158501, 0.089467816, -10.529211, 1]
312 32.3488800000000011892
[0.99799818, 0.057377547, 0.026598768, 0;
 -0.057354998, 0.99835253, -0.0016105651, 0;
 -0.026647357, 8.1768769e-05, 0.99964488, 0;
 -4.161293, 0.043178629, -10.579196, 1]
315 32.6599799999999973465
[0.99914116, 0.041023549, 0.0058352677, 0;
 -0.041095883, 0.99907231, 0.012868654, 0;
 -0.005301937, -0.013097407, 0.99990016, 0;
 -4.3864436, 0.25676477, -10.646114, 1]
317 32.8674699999999972988
[0.99941093, 0.033653665, -0.0067219967, 0;
 -0.033610635, 0.99941444, 0.0064147227, 0;
 0.0069339396, -0.0061850133, 0.99995685, 0;
 -4.5156946, 0.21773046, -10.700226, 1]
319 33.0748299999999986198
[0.99966443, 0.014591245, -0.021402875, 0;
 -0.014761417, 0.99986053, -0.0078145638, 0;
 0.021285865, 0.0081278784, 0.99974036, 0;
 -4.6670451, 0.14846024, -10.74418, 1]
321 33.2823100000000025034
[0.99907452, 0.028315401, -0.03237731, 0;
 -0.027909838, 0.9995271, 0.012910273, 0;
 0.032727558, -0.011994679, 0.99939233, 0;
 -4.7907667, 0.30761218, -10.795337, 1]
323 33.4897800000000032128
[0.99864042, 0.032789219, -0.040523555, 0;
 -0.032082476, 0.99932367, 0.017969437, 0;
 0.041085351, -0.01664491, 0.999017, 0;
 -4.8806162, 0.34102011, -10.862407, 1]
325 33.6971300000000013597
[0.99793327, 0.045216285, -0.045658562, 0;
 -0.045363668, 0.99896812, -0.0021964263, 0;
 0.045512136, 0.0042631268, 0.99895471, 0;
 -4.9287491, 0.054365568, -10.951699, 1]
327 33.9046099999999981378
[0.99800253, 0.038069591, -0.050414365, 0;
 -0.038170461, 0.99927068, -0.0010392477, 0;
 0.050338034, 0.0029615115, 0.99872786, 0;
 -4.9812317, 0.10133046, -11.03737, 1]
329 34.1120900000000020214
[0.99795228, 0.039825514, -0.050051264, 0;
 -0.039211482, 0.99914384, 0.013191066, 0;
 0.050533753, -0.01120147, 0.99865955, 0;
 -4.9832921, 0.25530982, -11.143909, 1]
331 34.3195699999999987995
[0.99787641, 0.036610823, -0.053873729, 0;
 -0.03646794, 0.9993282, 0.0036331546, 0;
 0.053970549, -0.0016607752, 0.99854118, 0;
 -5.0210276, 0.16217493, -11.237472, 1]
333 34.5269400000000032946
[0.99816608, 0.015795166, -0.058437739, 0;
 -0.016534923, 0.99978888, -0.012197023, 0;
 0.058232747, 0.013140919, 0.99821657, 0;
 -5.0669441, 0.083589993, -11.327251, 1]
335 34.7342999999999975103
[0.99788117, 0.023998758, -0.060474973, 0;
 -0.02383014, 0.99970984, 0.0035080097, 0;
 0.060541619, -0.0020594497, 0.99816352, 0;
 -5.0937848, 0.22609259, -11.423678, 1]
337 34.9415199999999970260
[0.99773282, 0.023104543, -0.063209623, 0;
 -0.022945924, 0.99973148, 0.0032342908, 0;
 0.063267373, -0.0017765549, 0.99799502, 0;
 -5.1249905, 0.228478, -11.517846, 1]
339 35.1488700000000022783
[0.99752575, 0.029741377, -0.063700832, 0;
 -0.030032692, 0.99954236, -0.0036203174, 0;
 0.06356401, 0.0055244677, 0.99796247, 0;
 -5.1290364, 0.11354938, -11.624628, 1]
341 35.3562299999999964939
[0.99723709, 0.03661029, -0.064636193, 0;
 -0.036501735, 0.99932951, 0.0028599689, 0;
 0.064697564, -0.00049273385, 0.99790478, 0;
 -5.1423273, 0.15728761, -11.725406, 1]
343 35.5636200000000002319
[0.99690223, 0.043432999, -0.065570399, 0;
 -0.043171901, 0.99905312, 0.0053942967, 0;
 0.065742604, -0.0025467877, 0.99783337, 0;
 -5.1549754, 0.1538343, -11.825176, 1]
345 35.7709400000000030673
[0.9968037, 0.043651566, -0.06690941, 0;
 -0.043981887, 0.9990263, -0.0034710583, 0;
 0.06669274, 0.0064027659, 0.99775302, 0;
 -5.1652536, 0.045420051, -11.92302, 1]
347 35.9782999999999972829
[0.99652517, 0.045024592, -0.07007391, 0;
 -0.044711534, 0.99898171, 0.0060304175, 0;
 0.070274077, -0.0028763507, 0.99752355, 0;
 -5.2075863, 0.15400468, -12.003505, 1]
349 36.1857800000000011664
[0.99671304, 0.037883259, -0.071609668, 0;
 -0.036749575, 0.99917847, 0.017083671, 0;
 0.072198026, -0.014395894, 0.99728644, 0;
 -5.2296724, 0.33011872, -12.087383, 1]
352 36.4968799999999973238
[0.996746, 0.036893882, -0.071667917, 0;
 -0.037046168, 0.99931324, -0.00079640106, 0;
 0.071589313, 0.0034488312, 0.99742824, 0;
 -5.2215581, 0.11300461, -12.230748, 1]
355 36.8079899999999966553
[0.99752951, 0.027660886, -0.064573519, 0;
 -0.028393539, 0.99954212, -0.010455873, 0;
 0.064254738, 0.012263512, 0.99785817, 0;
 -5.130168, 0.043060716, -12.396162, 1]
357 37.0154799999999966076
[0.99803704, 0.033652246, -0.052816272, 0;
 -0.033520855, 0.99943233, 0.003371774, 0;
 0.052899759, -0.0015947087, 0.99859858, 0;
 -4.989202, 0.19509931, -12.534651, 1]
361 37.4301600000000007640
[0.99884045, 0.039831463, -0.027041707, 0;
 -0.040145546, 0.99913138, -0.011172747, 0;
 0.02657319, 0.012245396, 0.99957186, 0;
 -4.6564507, -0.0077734436, -12.823668, 1]
363 37.6373900000000034538
[0.99903405, 0.042036775, -0.012803432, 0;
 -0.042235296, 0.99898511, -0.015650874, 0;
 0.012132525, 0.016176511, 0.99979556, 0;
 -4.4707189, -0.068088219, -12.96919, 1]
366 37.9483600000000009800
[0.99967229, 0.025001748, 0.0054945331, 0;
 -0.024983967, 0.99968249, -0.0032811011, 0;
 -0.0055748215, 0.0031427508, 0.9999795, 0;
 -4.2380929, 0.1779945, -13.165404, 1]
368 38.1557200000000023010
[0.9995032, 0.029939417, 0.0098508345, 0;
 -0.029934527, 0.99955165, -0.00064340461, 0;
 -0.0098656807, 0.00034820486, 0.99995124, 0;
 -4.1823444, 0.19463067, -13.261455, 1]
371 38.4665699999999972647
[0.99945086, 0.031800099, 0.0093105081, 0;
 -0.03185406, 0.99947625, 0.005705961, 0;
 -0.0091241812, -0.0059994049, 0.9999404, 0;
 -4.1921206, 0.27234241, -13.376297, 1]
373 38.6738100000000031287
[0.99896401, 0.044797715, 0.0080005918, 0;
 -0.044733882, 0.99896699, -0.0079867728, 0;
 -0.0083501162, 0.0076206014, 0.9999361, 0;
 -4.2028036, 0.034789942, -13.454158, 1]
375 38.8810599999999979559
[0.99931002, 0.037096754, 0.0018247933, 0;
 -0.037051134, 0.99909908, -0.020694608, 0;
 -0.0025908521, 0.020612719, 0.99978417, 0;
 -4.2795243, -0.1064885, -13.509436, 1]
377 39.0882999999999967145
[0.99892932, 0.045937587, -0.005469841, 0;
 -0.045952957, 0.99893993, -0.0027183772, 0;
 0.0053391666, 0.0029668219, 0.99998134, 0;
 -4.3864856, 0.094384521, -13.557682, 1]
379 39.2957200000000028695
[0.9993121, 0.0347577, -0.01293372, 0;
 -0.034476016, 0.99917638, 0.021399407, 0;
 0.013666863, -0.020938784, 0.99968731, 0;
 -4.4975672, 0.47015378, -13.597504, 1]
381 39.5029800000000008708
[0.99913335, 0.03746736, -0.018131923, 0;
 -0.037227664, 0.99921721, 0.013381425, 0;
 0.018619096, -0.012694819, 0.99974602, 0;
 -4.5644789, 0.34694666, -13.661776, 1]
383 39.7103899999999967463
[0.99931824, 0.027355608, -0.024793506, 0;
 -0.027369261, 0.99962538, -0.00021141942, 0;
 0.024778435, 0.0008898552, 0.99969256, 0;
 -4.6473064, 0.20322093, -13.720914, 1]
385 39.9178100000000029013
[0.99955136, 0.01229336, -0.027311254, 0;
 -0.012063297, 0.99989051, 0.0085726352, 0;
 0.027413649, -0.0082393251, 0.99959022, 0;
 -4.6809511, 0.39504653, -13.791495, 1]
387 40.1251800000000002910
[0.99953264, 0.0066902428, -0.029828349, 0;
 -0.006430096, 0.99994051, 0.0088088764, 0;
 0.029885508, -0.0086129606, 0.99951625, 0;
 -4.7136436, 0.42606869, -13.864888, 1]
389 40.3325600000000008549
[0.99945706, -0.0080679357, -0.031945124, 0;
 0.0081677111, 0.99996215, 0.0029940878, 0;
 0.031919759, -0.0032533808, 0.99948514, 0;
 -4.7380614, 0.41522256, -13.941945, 1]
391 40.5399999999999991473
[0.99939346, -0.010179631, -0.033303626, 0;
 0.010524656, 0.99989259, 0.010201107, 0;
 0.033196207, -0.010545429, 0.99939322, 0;
 -4.7550507, 0.5282864, -14.017472, 1]
393 40.7473499999999972943
[0.9993273, -0.012492723, -0.034480859, 0;
 0.012874255, 0.99985808, 0.010865284, 0;
 0.034340229, -0.01130189, 0.99934632, 0;
 -4.7701969, 0.55072993, -14.095892, 1]
396 41.0584500000000005571
[0.99927992, -0.015605979, -0.034585316, 0;
 0.015229738, 0.99982226, -0.011115486, 0;
 0.034752637, 0.010580757, 0.99933994, 0;
 -4.7753768, 0.25206032, -14.226942, 1]
399 41.3703599999999980241
[0.99922526, -0.016888788, -0.035547677, 0;
 0.017049719, 0.99984568, 0.004228876, 0;
 0.035470773, -0.0048316778, 0.99935901, 0;
 -4.785531, 0.4816604, -14.339518, 1]
402 41.6805200000000013461
[0.99908125, -0.017935894, -0.038922064, 0;
 0.018535519, 0.9997142, 0.015099973, 0;
 0.038640104, -0.015807541, 0.99912816, 0;
 -4.8300209, 0.64835912, -14.430936, 1]
407 42.1982599999999976603
[0.99484146, -0.032968435, -0.095935188, 0;
 0.033312563, 0.99944299, 0.0019872317, 0;
 0.095816232, -0.0051728273, 0.99538559, 0;
 -5.6464119, 0.55922359, -14.301638, 1]
410 42.5088500000000024670
[0.98464012, -0.03470644, -0.17111179, 0;
 0.036477581, 0.99930841, 0.0072166407, 0;
 0.17074299, -0.013347538, 0.9852252, 0;
 -6.7095447, 0.68883389, -13.919556, 1]
413 42.8193199999999976058
[0.96014625, -0.0305402, -0.27782458, 0;
 0.031379275, 0.99950653, -0.0014269305, 0;
 0.27773106, -0.007347872, 0.96063077, 0;
 -8.1963568, 0.58337855, -13.189512, 1]
416 43.1296499999999980446
[0.91135198, -0.011741284, -0.41146052, 0;
 0.009304936, 0.99992532, -0.0079238126, 0;
 0.41152284, 0.0033927686, 0.91139317, 0;
 -9.9958715, 0.34388337, -11.972232, 1]
419 43.4400499999999993861
[0.8308664, 0.02231518, -0.55602431, 0;
 -0.029060526, 0.99957216, -0.0033088159, 0;
 0.55571258, 0.018907543, 0.83115947, 0;
 -11.833982, -0.030759003, -10.239287, 1]
422 43.7507099999999979900
[0.7208299, 0.048698347, -0.6913991, 0;
 -0.045198075, 0.99870813, 0.023221478, 0;
 0.69163674, 0.014511172, 0.72209978, 0;
 -13.431202, -0.072698042, -8.1012878, 1]
425 44.0616800000000026216
[0.59454089, 0.072937839, -0.80075043, 0;
 -0.053980313, 0.99725115, 0.050757188, 0;
 0.8022514, 0.013047536, 0.59684378, 0;
 -14.588512, -0.14830378, -5.8247523, 1]
427 44.2689099999999982060
[0.50011373, 0.073268123, -0.8628546, 0;
 -0.046480697, 0.99724907, 0.05773966, 0;
 0.8647114, 0.011229685, 0.5021435, 0;
 -15.150957, -0.12080056, -4.1839938, 1]
429 44.4762699999999995271
[0.39661959, 0.059462182, -0.9160552, 0;
 -0.029240893, 0.99821186, 0.052134786, 0;
 0.91751724, 0.0061085941, 0.39764911, 0;
 -15.534351, 0.011989933, -2.4351892, 1]
431 44.6837500000000034106
[0.29181668, 0.05219825, -0.95504886, 0;
 -0.02322468, 0.99860203, 0.047482315, 0;
 0.95619226, 0.0083245728, 0.29262102, 0;
 -15.706107, 0.0069067148, -0.73746079, 1]
433 44.8913599999999988199
[0.19623256, 0.054294545, -0.97905308, 0;
 -0.020998955, 0.99846953, 0.05116247, 0;
 0.98033249, 0.010519349, 0.19707237, 0;
 -15.699312, -0.033810057, 0.75581706, 1]
434 44.9950899999999975876
[0.15316509, 0.05300701, -0.98677796, 0;
 -0.018968014, 0.99853408, 0.050694354, 0;
 0.98801857, 0.010952614, 0.153946, 0;
 -15.649455, -0.03561176, 1.4128568, 1]
436 45.2033600000000035379
[0.077882297, 0.051033106, -0.99565554, 0;
 -0.016412621, 0.99861932, 0.049901184, 0;
 0.99682748, 0.012454898, 0.078612357, 0;
 -15.495092, -0.050295774, 2.5335188, 1]
438 45.4106799999999992679
[0.023506517, 0.046142064, -0.9986583, 0;
 -0.017276874, 0.99880385, 0.045742128, 0;
 0.99957436, 0.016178455, 0.02427559, 0;
 -15.332268, -0.088860422, 3.3068643, 1]
440 45.6185600000000022192
[-0.017585691, 0.043187562, -0.99891222, 0;
 -0.020427737, 0.99884266, 0.043544181, 0;
 0.99963665, 0.02117127, -0.016683115, 0;
 -15.181652, -0.15384071, 3.863205, 1]
443 45.9305099999999981719
[-0.048743449, 0.038825724, -0.99805641, 0;
 -0.02481083, 0.99888879, 0.040069826, 0;
 0.99850315, 0.02671575, -0.047725987, 0;
 -15.052111, -0.22233832, 4.2212791, 1]
445 46.1384200000000035402
[-0.05414388, 0.038894471, -0.99777538, 0;
 -0.024602452, 0.99888581, 0.040272798, 0;
 0.99823004, 0.026728246, -0.053126652, 0;
 -15.028489, -0.22228506, 4.2225804, 1]
448 46.4502099999999984448
[-0.054208662, 0.039864939, -0.99773353, 0;
 -0.023422472, 0.99887705, 0.041183215, 0;
 0.9982549, 0.025601873, -0.053214051, 0;
