0 0.0000000000
[1, 2.7088352e-06, -4.1337407e-05, 0;
 -2.7086189e-06, 1, 5.2328273e-06, 0;
 4.1337422e-05, -5.232715e-06, 1, 0;
 0.0049787615, -0.001725061, 0.021042487, 1]
1 0.1037550000
[0.999937, -0.0028277289, 0.010861691, 0;
 0.0028173565, 0.99999559, 0.00097012566, 0;
 -0.010864386, -0.00093946332, 0.99994051, 0;
 0.0029518201, -0.0014261152, -0.0039303312, 1]
2 0.2073550000
[0.9998343, -0.0048848521, 0.017535172, 0;
 0.0048722588, 0.99998784, 0.00076082279, 0;
 -0.017538676, -0.00067526079, 0.99984598, 0;
 0.0022107454, -0.0012396754, -0.028756937, 1]
5 0.5181198000
[0.99988168, -0.011725827, 0.0099531477, 0;
 0.011762653, 0.99992418, -0.0036494522, 0;
 -0.0099096, 0.003766096, 0.99994379, 0;
 0.00072079658, -0.0013897775, -0.10784648, 1]
7 0.7252150000
[0.99973518, -0.012446566, -0.019355442, 0;
 0.012343059, 0.99990892, -0.0054579899, 0;
 0.019421613, 0.0052176393, 0.99979776, 0;
 -0.0020515849, -0.00041987802, -0.16302152, 1]
8 0.8289182000
[0.99920011, -0.0081264442, -0.039155439, 0;
 0.0079075228, 0.99995226, -0.0057427096, 0;
 0.039200239, 0.0054284935, 0.99921662, 0;
 -0.0043143108, -0.00032479109, -0.19188944, 1]
10 1.0361040000
[0.99684954, -0.0045134923, -0.079187341, 0;
 0.0039557009, 0.99996626, -0.0071994001, 0;
 0.079217166, 0.0068634772, 0.99683374, 0;
 -0.0097840484, -0.00015799908, -0.25238189, 1]
11 1.1398650000
[0.99493432, -0.0058454489, -0.10035721, 0;
 0.0051888921, 0.9999634, -0.0068019875, 0;
 0.1003933, 0.006246788, 0.99492824, 0;
 -0.014414748, -9.810667e-05, -0.28380564, 1]
13 1.3473500000
[0.99030846, -0.0064394223, -0.13873594, 0;
 0.0056870528, 0.99996692, -0.0058187684, 0;
 0.13876881, 0.0049733771, 0.99031234, 0;
 -0.024885606, 0.00058880483, -0.35030589, 1]
15 1.5551010000
[0.98582792, -0.0045125349, -0.16769895, 0;
 0.0037195813, 0.99998039, -0.005042247, 0;
 0.16771841, 0.004347018, 0.98582536, 0;
 -0.033465523, 0.0019336571, -0.42050701, 1]
17 1.7628930000
[0.98174846, -0.010007924, -0.18992065, 0;
 0.0086416146, 0.9999305, -0.0080209123, 0;
 0.18998772, 0.0062332973, 0.9817667, 0;
 -0.043131854, 0.0016880909, -0.49549249, 1]
19 1.9709610000
[0.97868997, -0.0088653555, -0.20515189, 0;
 0.006632498, 0.99991107, -0.011569026, 0;
 0.2052362, 0.0099618211, 0.97866178, 0;
 -0.049919885, 0.00010307416, -0.57532537, 1]
21 2.1791160000
[0.97507209, -0.013336912, -0.22148713, 0;
 0.0099534746, 0.99981624, -0.016385173, 0;
 0.22166495, 0.013772159, 0.97502565, 0;
 -0.060155153, -0.0024976393, -0.65915048, 1]
23 2.3870730000
[0.97100091, -0.020666854, -0.23818097, 0;
 0.016265405, 0.99965894, -0.020430198, 0;
 0.23852196, 0.015963631, 0.97100592, 0;
 -0.072591789, -0.0041837292, -0.74739671, 1]
25 2.5952290000
[0.96658063, -0.014241825, -0.25596699, 0;
 0.0074352687, 0.99959308, -0.027539656, 0;
 0.25625503, 0.024716115, 0.96629316, 0;
 -0.084975049, -0.0099685537, -0.83999425, 1]
27 2.8031890000
[0.96178365, -0.019487655, -0.27311611, 0;
 0.011184279, 0.99942762, -0.031926513, 0;
 0.27358198, 0.027651791, 0.96145111, 0;
 -0.10049596, -0.013044237, -0.93660772, 1]
29 3.0112470000
[0.95702797, -0.018452818, -0.289408, 0;
 0.007766698, 0.99924642, -0.038029239, 0;
 0.28989166, 0.0341473, 0.9564501, 0;
 -0.11610883, -0.018800762, -1.0375869, 1]
31 3.2195700000
[0.95282, -0.021237111, -0.3027921, 0;
 0.0061146743, 0.99868989, -0.050804183, 0;
 0.30347434, 0.046555765, 0.95170158, 0;
 -0.13070057, -0.032149207, -1.141993, 1]
33 3.4274670000
[0.9499718, -0.023465799, -0.31145296, 0;
 0.0025674012, 0.99772674, -0.067340814, 0;
 0.31232515, 0.063172251, 0.94787252, 0;
 -0.14164314, -0.052235145, -1.249663, 1]
35 3.6354760000
[0.94714975, -0.022797808, -0.31998071, 0;
 -0.0041102562, 0.99652719, -0.083166465, 0;
 0.3207655, 0.080086291, 0.94376677, 0;
 -0.15266103, -0.07396625, -1.3602703, 1]
38 3.9473600000
[0.9420594, -0.017770752, -0.334975, 0;
 -0.017227536, 0.99471492, -0.10122007, 0;
 0.33500338, 0.10112612, 0.93677437, 0;
 -0.17306475, -0.10259878, -1.5364933, 1]
40 4.1552860000
[0.93840617, -0.01472388, -0.34522024, 0;
 -0.023351695, 0.99410516, -0.10587578, 0;
 0.34474412, 0.10741596, 0.93253058, 0;
 -0.18877898, -0.11173183, -1.65776, 1]
42 4.3631830000
[0.93374717, -0.014622699, -0.35763443, 0;
 -0.024024723, 0.99435151, -0.10338244, 0;
 0.35712606, 0.10512513, 0.92812157, 0;
 -0.21041015, -0.10726967, -1.7827706, 1]
45 4.6763660000
[0.92450643, -0.012120387, -0.38097373, 0;
 -0.02518901, 0.99536675, -0.092792831, 0;
 0.38033327, 0.09538392, 0.91991764, 0;
 -0.25498211, -0.087260738, -1.970686, 1]
48 4.9864770000
[0.91311193, -0.0040720319, -0.40768859, 0;
 -0.032196328, 0.99610716, -0.082060263, 0;
 0.4064357, 0.088056281, 0.90942627, 0;
 -0.31368491, -0.066791184, -2.1581826, 1]
51 5.2981510000
[0.90086824, -0.0045104832, -0.43406928, 0;
 -0.032854773, 0.99636942, -0.078540295, 0;
 0.43284759, 0.085015707, 0.89744931, 0;
 -0.37832347, -0.059631169, -2.3494117, 1]
53 5.5058850000
[0.89289558, -0.0053390232, -0.45023212, 0;
 -0.030517362, 0.99691278, -0.072343484, 0;
 0.44922841, 0.078335069, 0.88997608, 0;
 -0.42188072, -0.044061217, -2.4798522, 1]
56 5.8174770000
[0.88099837, -0.004487304, -0.47309798, 0;
 -0.027623294, 0.99776137, -0.060903527, 0;
 0.47231218, 0.066724434, 0.8789022, 0;
 -0.48892194, -0.013252142, -2.6775618, 1]
58 6.0252850000
[0.87410426, -0.0056837364, -0.48570511, 0;
 -0.026000189, 0.99795055, -0.058469556, 0;
 0.48504201, 0.063736916, 0.87216502, 0;
 -0.52898902, -0.0061362833, -2.8156576, 1]
60 6.2331340000
[0.86828941, -0.0082168151, -0.49598992, 0;
 -0.022967448, 0.9981246, -0.056742679, 0;
 0.49552602, 0.06066069, 0.8664723, 0;
 -0.56265455, 0.0017625353, -2.9567792, 1]
62 6.4411060000
[0.864425, -0.0098931706, -0.50266451, 0;
 -0.022033334, 0.99810034, -0.057534482, 0;
 0.5022788, 0.06080962, 0.86256492, 0;
 -0.58587921, 0.00046604135, -3.1043091, 1]
64 6.6487300000
[0.86382115, -0.0078995898, -0.50373667, 0;
 -0.023348242, 0.99817497, -0.055691555, 0;
 0.50325727, 0.059868909, 0.86206025, 0;
 -0.58895802, 0.0048373817, -3.2587192, 1]
66 6.8565050000
[0.86262769, -0.011973905, -0.50569761, 0;
 -0.018891901, 0.99825972, -0.055862918, 0;
 0.50548643, 0.057742488, 0.86090028, 0;
 -0.59701079, 0.0081946915, -3.4152386, 1]
68 7.0643080000
[0.85956818, -0.01384469, -0.5108335, 0;
 -0.016244296, 0.99838752, -0.054392371, 0;
 0.51076281, 0.055052083, 0.85795724, 0;
 -0.61775267, 0.015992006, -3.5747318, 1]
70 7.2718580000
[0.8542769, -0.013987884, -0.51962996, 0;
 -0.011969455, 0.99884349, -0.046565704, 0;
 0.51968038, 0.045999691, 0.85312152, 0;
 -0.6546883, 0.049311578, -3.7297595, 1]
72 7.4794810000
[0.84465331, -0.016890772, -0.53504717, 0;
 -0.010016919, 0.99882835, -0.047344994, 0;
 0.53521997, 0.045349631, 0.84349447, 0;
 -0.72326583, 0.049418766, -3.8775008, 1]
74 7.6870270000
[0.83194876, -0.021470152, -0.55443692, 0;
 -0.0076294644, 0.99871391, -0.050122678, 0;
 0.55480003, 0.045929555, 0.830715, 0;
 -0.81414223, 0.041954119, -4.0216284, 1]
76 7.8946180000
[0.82070756, -0.013833337, -0.571181, 0;
 -0.011462213, 0.999107, -0.040666807, 0;
 0.57123351, 0.039922558, 0.81981611, 0;
 -0.89520323, 0.079471357, -4.169148, 1]
79 8.2062290000
[0.80982178, -0.018182937, -0.58639413, 0;
 -0.016172914, 0.99844784, -0.053295027, 0;
 0.58645302, 0.052643176, 0.80827075, 0;
 -0.97570556, 0.023031129, -4.3929853, 1]
81 8.4139790000
[0.80309635, -0.016794505, -0.59561247, 0;
 -0.017058471, 0.99854493, -0.051156864, 0;
 0.59560496, 0.051244128, 0.80164129, 0;
 -1.0258803, 0.032639004, -4.5398555, 1]
84 8.7257440000
[0.79326868, -0.012318762, -0.60874712, 0;
 -0.018155916, 0.99887216, -0.043872714, 0;
 0.60860097, 0.045855213, 0.79215032, 0;
 -1.1011724, 0.066609822, -4.7614427, 1]
86 8.9335480000
[0.78575063, -0.016196365, -0.61833131, 0;
 -0.017402491, 0.99868256, -0.048273545, 0;
 0.61829853, 0.048691474, 0.7844336, 0;
 -1.1590406, 0.047860686, -4.9083662, 1]
88 9.1411080000
[0.77632004, -0.01793924, -0.63008368, 0;
 -0.015652018, 0.99873811, -0.047719978, 0;
 0.6301446, 0.046908055, 0.77505958, 0;
 -1.2334406, 0.054364815, -5.0515461, 1]
90 9.3487820000
[0.76601648, -0.018704763, -0.64254874, 0;
 -0.016247615, 0.99869382, -0.048441887, 0;
 0.64261556, 0.047547169, 0.76471204, 0;
 -1.3145738, 0.050794948, -5.1912766, 1]
92 9.5563180000
[0.75442713, -0.021835646, -0.65602046, 0;
 -0.014869104, 0.99862152, -0.050338674, 0;
 0.65621537, 0.047731299, 0.75306249, 0;
 -1.407753, 0.043958567, -5.33108, 1]
94 9.7648590000
[0.7425465, -0.024889512, -0.66933191, 0;
 -0.013967161, 0.99851662, -0.052625399, 0;
 0.66964889, 0.048425473, 0.74109739, 0;
 -1.5030302, 0.034402866, -5.468605, 1]
96 9.9711330000
[0.72932869, -0.026473882, -0.68365109, 0;
 -0.011290067, 0.9986493, -0.050716359, 0;
 0.68407035, 0.044707362, 0.72804469, 0;
 -1.6106893, 0.051422033, -5.6049986, 1]
98 10.1786300000
[0.71646374, -0.028082717, -0.69705886, 0;
 -0.010828615, 0.9986214, -0.051361963, 0;
 0.69754028, 0.044347167, 0.71517193, 0;
 -1.714745, 0.049966004, -5.7402058, 1]
100 10.3861800000
[0.70269525, -0.030101262, -0.71085393, 0;
 -0.01094317, 0.9985292, -0.053100508, 0;
 0.71140677, 0.045092471, 0.70133233, 0;
 -1.8301213, 0.041625362, -5.8710175, 1]
103 10.6974000000
[0.68694198, -0.030194178, -0.72608471, 0;
 -0.011945337, 0.9985323, -0.052825265, 0;
 0.72661406, 0.044961222, 0.6855731, 0;
 -1.9600471, 0.044998601, -6.0885649, 1]
105 10.9049800000
[0.67581171, -0.034820236, -0.73625141, 0;
 -0.012007436, 0.99823087, -0.058232013, 0;
 0.7369765, 0.048194364, 0.67419797, 0;
 -2.0537982, 0.013758754, -6.2294283, 1]
107 11.1124800000
[0.66572535, -0.035128016, -0.74536955, 0;
 -0.01244488, 0.99822968, -0.058160011, 0;
 0.74609309, 0.047994629, 0.66410965, 0;
 -2.1390531, 0.013996427, -6.3750906, 1]
109 11.3200400000
[0.65475929, -0.036851339, -0.75493854, 0;
 -0.010355465, 0.99827963, -0.057711024, 0;
 0.75576651, 0.045604572, 0.65325129, 0;
 -2.2329342, 0.023594128, -6.5167584, 1]
111 11.5276500000
[0.64513803, -0.038749244, -0.76308286, 0;
 -0.0080472212, 0.99831319, -0.057497624, 0;
 0.76402366, 0.043234602, 0.64373797, 0;
 -2.3151066, 0.033172801, -6.6607995, 1]
113 11.7351300000
[0.6370132, -0.041832373, -0.76971698, 0;
 -0.0050013731, 0.99828112, -0.058393419, 0;
 0.77083671, 0.041047022, 0.63570899, 0;
 -2.3842466, 0.037076727, -6.8090658, 1]
115 11.9429600000
[0.62735295, -0.050675139, -0.77708447, 0;
 0.0016757349, 0.99796599, -0.063726388, 0;
 0.77873325, 0.03867675, 0.62616187, 0;
 -2.4670906, 0.019182881, -6.9518809, 1]
118 12.2536000000
[0.60246986, -0.059294295, -0.79593611, 0;
 0.01483701, 0.99789637, -0.063108973, 0;
 0.79800373, 0.026211942, 0.60208219, 0;
 -2.6821737, 0.066787682, -7.1281142, 1]
120 12.4609900000
[0.58434916, -0.057220783, -0.80948246, 0;
 0.014083323, 0.99807578, -0.060385622, 0;
 0.81138015, 0.023886085, 0.58403063, 0;
 -2.8422878, 0.092204757, -7.2395048, 1]
123 12.7721100000
[0.55379778, -0.062194303, -0.83032519, 0;
 0.01360079, 0.99774909, -0.065663703, 0;
 0.83254015, 0.025071332, 0.55339712, 0;
 -3.1134796, 0.065446742, -7.3881798, 1]
126 13.0831100000
[0.52228826, -0.063859023, -0.85037464, 0;
 0.017452609, 0.99778384, -0.064209595, 0;
 0.85259038, 0.018694662, 0.52224529, 0;
 -3.3882239, 0.10292105, -7.5283051, 1]
128 13.2907300000
[0.50119114, -0.065623, -0.86284477, 0;
 0.015959976, 0.99765176, -0.066605143, 0;
 0.86518943, 0.019610927, 0.50106156, 0;
 -3.5746717, 0.08982487, -7.6143656, 1]
130 13.4980100000
[0.48072788, -0.066743284, -0.87432605, 0;
 0.014047109, 0.99755722, -0.068426885, 0;
 0.87675732, 0.020612959, 0.4804911, 0;
 -3.7550805, 0.079077788, -7.6996775, 1]
132 13.7055100000
[0.46372998, -0.06321162, -0.88371873, 0;
 0.014470426, 0.99785888, -0.063782632, 0;
 0.88585842, 0.016790131, 0.46365178, 0;
 -3.9025843, 0.12551932, -7.7988868, 1]
134 13.9129000000
[0.44850194, -0.066489145, -0.89130533, 0;
 0.016077049, 0.99766797, -0.066333614, 0;
 0.89363724, 0.015421194, 0.44852498, 0;
 -4.0338774, 0.12022243, -7.9050364, 1]
136 14.1202700000
[0.43480247, -0.072923921, -0.89756835, 0;
 0.020621218, 0.99726069, -0.071034156, 0;
 0.90028971, 0.012376874, 0.43511522, 0;
 -4.1515579, 0.11032178, -8.0162191, 1]
137 14.2245000000
[0.42917249, -0.075984843, -0.90002072, 0;
 0.022470111, 0.99704492, -0.073461354, 0;
 0.90294302, 0.011304026, 0.42961162, 0;
 -4.2002773, 0.10268797, -8.0771446, 1]
139 14.4312600000
[0.41920671, -0.074532963, -0.90482628, 0;
 0.026350198, 0.99720353, -0.069934256, 0;
 0.90750831, 0.0054745595, 0.41999838, 0;
 -4.2873044, 0.15518804, -8.2033911, 1]
140 14.5383800000
[0.4154112, -0.072410345, -0.9067471, 0;
 0.029577548, 0.99737471, -0.066097155, 0;
 0.90915275, 0.00063814223, 0.41646236, 0;
 -4.3190861, 0.20431945, -8.2715406, 1]
141 14.6386300000
[0.41175011, -0.071940407, -0.90845275, 0;
 0.031566307, 0.99740684, -0.064677462, 0;
 0.91074991, -0.0020455446, 0.41295329, 0;
 -4.3506417, 0.2280584, -8.3392153, 1]
142 14.7423900000
[0.40875944, -0.071531899, -0.90983456, 0;
 0.033053428, 0.99742991, -0.063568868, 0;
 0.91204339, -0.0040887743, 0.41007328, 0;
 -4.376503, 0.24708441, -8.4092503, 1]
143 14.8461200000
[0.4062846, -0.071101561, -0.91097605, 0;
 0.035171054, 0.997446, -0.062164653, 0;
 0.91306943, -0.0067834463, 0.40774766, 0;
 -4.3971744, 0.27051967, -8.4821377, 1]
144 14.9500000000
[0.40365982, -0.069756746, -0.91224599, 0;
 0.036199916, 0.99752611, -0.060259759, 0;
 0.91419274, -0.0086987857, 0.40518638, 0;
 -4.4207182, 0.2944631, -8.553134, 1]
146 15.1574900000
[0.39793783, -0.070774473, -0.91467834, 0;
 0.040818427, 0.99739838, -0.059416682, 0;
 0.91650385, -0.013691585, 0.39979145, 0;
 -4.4713387, 0.32888013, -8.6924486, 1]
148 15.3650300000
[0.39362529, -0.068969622, -0.91668004, 0;
 0.045809872, 0.99741429, -0.055373043, 0;
 0.91812885, -0.020196766, 0.395767, 0;
 -4.5068965, 0.39212278, -8.8337994, 1]
150 15.5726800000
[0.39048228, -0.070800409, -0.91788393, 0;
 0.04831538, 0.99724036, -0.056367394, 0;
 0.91934174, -0.022337444, 0.39282542, 0;
 -4.5344892, 0.39959213, -8.9789228, 1]
152 15.7803700000
[0.39030084, -0.072846569, -0.91780096, 0;
 0.047781639, 0.99712425, -0.058823064, 0;
 0.91944665, -0.020895345, 0.39265916, 0;
 -4.5362687, 0.37766272, -9.1347179, 1]
154 15.9880000000
[0.39649054, -0.072024271, -0.91520911, 0;
 0.042395603, 0.99729061, -0.060117047, 0;
 0.91705936, -0.014965002, 0.39846981, 0;
 -4.4803987, 0.34003639, -9.3162336, 1]
156 16.1957000000
[0.40687394, -0.073346347, -0.91053498, 0;
 0.041746579, 0.99722284, -0.0616748, 0;
 0.91252989, -0.012917851, 0.40880597, 0;
 -4.3755345, 0.31697127, -9.5163794, 1]
158 16.4033700000
[0.42117155, -0.071221642, -0.90418029, 0;
 0.039697923, 0.99740428, -0.060073342, 0;
 0.90611178, -0.010592896, 0.42290565, 0;
 -4.2283211, 0.31529757, -9.7294722, 1]
160 16.6111100000
[0.43908182, -0.070254743, -0.89569604, 0;
 0.03878754, 0.99749082, -0.059224956, 0;
 0.89760941, -0.0087372465, 0.44070509, 0;
 -4.0359483, 0.30978948, -9.9571133, 1]
162 16.8188500000
[0.45951393, -0.072825611, -0.88517988, 0;
 0.036417313, 0.99733949, -0.06314829, 0;
 0.88742363, -0.0032183528, 0.46094349, 0;
 -3.8093886, 0.24878329, -10.193272, 1]
164 17.0267300000
[0.48257753, -0.071696982, -0.87291378, 0;
 0.032473557, 0.99742329, -0.063971072, 0;
 0.87525105, 0.0025243878, 0.48366234, 0;
 -3.5458736, 0.21296637, -10.431411, 1]
166 17.2342500000
[0.50787133, -0.066420481, -0.85886842, 0;
 0.03065142, 0.99778503, -0.059038591, 0;
 0.86088741, 0.0036584719, 0.50878233, 0;
 -3.2425578, 0.24605547, -10.671436, 1]
168 17.4423800000
[0.53148627, -0.065931067, -0.84449714, 0;
 0.030618554, 0.99781007, -0.058630567, 0;
 0.84651333, 0.0053040613, 0.53234112, 0;
 -2.9460759, 0.23847948, -10.898457, 1]
170 17.6493600000
[0.55426496, -0.06760899, -0.82958984, 0;
 0.032249343, 0.99769157, -0.059762347, 0;
 0.83171529, 0.0063704476, 0.55516583, 0;
 -2.6473765, 0.21908796, -11.11418, 1]
172 17.8570500000
[0.57582521, -0.063322, -0.81511694, 0;
 0.031078031, 0.99797088, -0.055572391, 0;
 0.81698191, 0.0066677541, 0.57662475, 0;
 -2.3582389, 0.25432995, -11.315771, 1]
174 18.0641400000
[0.59579563, -0.059508096, -0.80092841, 0;
 0.031094195, 0.99821264, -0.05103571, 0;
 0.80253392, 0.0055026263, 0.5965811, 0;
 -2.0797505, 0.29696509, -11.504227, 1]
176 18.2716400000
[0.61595702, -0.057276055, -0.7856949, 0;
 0.026716135, 0.99829853, -0.051830057, 0;
 0.78732663, 0.010934357, 0.61643916, 0;
 -1.792038, 0.27219045, -11.684036, 1]
178 18.4791000000
[0.63526368, -0.054059878, -0.77040094, 0;
 0.026402352, 0.99848419, -0.048293654, 0;
 0.77184385, 0.010338809, 0.63572806, 0;
 -1.5011263, 0.30703807, -11.849671, 1]
180 18.6866200000
[0.65238047, -0.05240941, -0.75607741, 0;
 0.027703676, 0.9985885, -0.045315593, 0;
 0.75738513, 0.0086168842, 0.65291154, 0;
 -1.2342784, 0.33764145, -12.005516, 1]
182 18.8940800000
[0.66778451, -0.051417239, -0.74257672, 0;
 0.026551221, 0.99862194, -0.045269251, 0;
 0.74388099, 0.010513786, 0.6682294, 0;
 -0.98942596, 0.33088094, -12.153701, 1]
184 19.1015100000
[0.68279529, -0.046165686, -0.7291497, 0;
 0.025264459, 0.99889672, -0.039586246, 0;
 0.73017281, 0.0086077284, 0.68320835, 0;
 -0.74315834, 0.39412546, -12.292649, 1]
185 19.2052700000
[0.69044477, -0.044309668, -0.72202682, 0;
 0.023862414, 0.99897414, -0.03848685, 0;
 0.72299147, 0.0093437396, 0.69079381, 0;
 -0.61500162, 0.40445182, -12.359741, 1]
187 19.4128900000
[0.70648199, -0.040856723, -0.70655072, 0;
 0.020982612, 0.99910259, -0.036793143, 0;
 0.70741993, 0.011168413, 0.70670527, 0;
 -0.34053117, 0.41963384, -12.487765, 1]
189 19.6205000000
[0.72578716, -0.034352437, -0.68706107, 0;
 0.018594831, 0.99936712, -0.030324534, 0;
 0.68766797, 0.0092333723, 0.72596663, 0;
 0.0035510387, 0.49572009, -12.60629, 1]
191 19.8282500000
[0.74636173, -0.030973891, -0.66481936, 0;
 0.014878089, 0.99944335, -0.029861061, 0;
 0.66537422, 0.012395912, 0.74640709, 0;
 0.38327682, 0.49861774, -12.714808, 1]
193 20.0359500000
[0.76712358, -0.031460848, -0.64072746, 0;
 0.014873981, 0.9994005, -0.03126416, 0;
 0.6413269, 0.014453307, 0.76713157, 0;
 0.78771144, 0.47684807, -12.80969, 1]
194 20.1397700000
[0.77768761, -0.02952875, -0.62795705, 0;
 0.01420298, 0.99946654, -0.029408887, 0;
 0.62849045, 0.013952064, 0.77769214, 0;
 0.99968189, 0.49972475, -12.850012, 1]
196 20.3473600000
[0.79835236, -0.026043979, -0.60162717, 0;
 0.014440149, 0.999605, -0.024110222, 0;
 0.60201746, 0.010560866, 0.7984131, 0;
 1.4315619, 0.56423974, -12.917333, 1]
197 20.4513000000
[0.80792505, -0.024303723, -0.58878392, 0;
 0.014770158, 0.99967045, -0.020996725, 0;
 0.58910018, 0.0082673486, 0.80801773, 0;
 1.6392423, 0.60223341, -12.946483, 1]
199 20.6587500000
[0.82407111, -0.023704741, -0.56599021, 0;
 0.016866393, 0.99970788, -0.017312504, 0;
 0.56623524, 0.0047205221, 0.82423019, 0;
 2.0031638, 0.64297569, -13.004096, 1]
201 20.8685900000
[0.83819014, -0.022566175, -0.54491109, 0;
 0.015949748, 0.99973053, -0.016867287, 0;
 0.54514486, 0.0054467991, 0.83832419, 0;
 2.3325861, 0.64758497, -13.060488, 1]
203 21.0740000000
[0.85192156, -0.019611413, -0.52330208, 0;
 0.013673739, 0.99979085, -0.015207963, 0;
 0.52349091, 0.0058004949, 0.8520115, 0;
 2.6655493, 0.67292678, -13.107583, 1]
205 21.2818000000
[0.86338943, -0.021554785, -0.50407743, 0;
 0.015512673, 0.99974877, -0.016179839, 0;
 0.50429958, 0.0061499132, 0.86350685, 0;
 2.95995, 0.6531378, -13.15836, 1]
207 21.4887600000
[0.87163949, -0.02133365, -0.48968303, 0;
 0.015613133, 0.99975383, -0.015764024, 0;
 0.48989877, 0.0060950597, 0.87175798, 0;
 3.1781235, 0.65710437, -13.222256, 1]
209 21.6968400000
[0.87847459, -0.014392097, -0.47757223, 0;
 0.01206891, 0.99989569, -0.0079325503, 0;
 0.47763661, 0.0012047675, 0.87855667, 0;
 3.3612301, 0.77214015, -13.288332, 1]
212 22.0074200000
[0.888937, -0.0073132101, -0.4579711, 0;
 0.0079135811, 0.99996853, -0.00060769136, 0;
 0.45796111, -0.0030839918, 0.88896686, 0;
 3.6547959, 0.88360554, -13.386474, 1]
214 22.2149900000
[0.89609724, -0.005845543, -0.44381934, 0;
 0.0086140744, 0.99995399, 0.0042219302, 0;
 0.44377422, -0.0076063527, 0.89610636, 0;
 3.8681211, 0.94523942, -13.446419, 1]
217 22.5263700000
[0.90780622, -0.0085582193, -0.41930252, 0;
 0.011825201, 0.99991661, 0.0051931129, 0;
 0.41922313, -0.0096726771, 0.90783173, 0;
 4.2368999, 0.94364393, -13.528833, 1]
219 22.7359200000
[0.91679627, -0.012833417, -0.39914897, 0;
 0.014476053, 0.99989462, 0.0011011597, 0;
 0.39909279, -0.006787641, 0.91688544, 0;
 4.5369625, 0.87210339, -13.56984, 1]
222 23.0457600000
[0.93617088, -0.0028055515, -0.3515341, 0;
 0.0049621137, 0.99997401, 0.0052339383, 0;
 0.35151026, -0.0066442126, 0.93616045, 0;
 5.2244596, 0.9695065, -13.519601, 1]
224 23.2536200000
[0.95040566, 0.0020106689, -0.31100658, 0;
 0.00049078482, 0.99996817, 0.0079646213, 0;
 0.31101269, -0.0077222581, 0.95037436, 0;
 5.7987108, 1.0299561, -13.418994, 1]
227 23.5655200000
[0.96914583, 0.007015184, -0.24638826, 0;
 -0.0031534105, 0.99986601, 0.016064601, 0;
 0.24646793, -0.014791979, 0.96903807, 0;
 6.6903129, 1.1591886, -13.206038, 1]
230 23.8772500000
[0.98366731, 0.013026399, -0.17952424, 0;
 -0.0089541962, 0.99968433, 0.023475025, 0;
 0.17977336, -0.02148412, 0.98347342, 0;
 7.5792789, 1.2949492, -12.935023, 1]
233 24.1889900000
[0.99316007, 0.01153317, -0.11618974, 0;
 -0.0089593744, 0.99970329, 0.022649636, 0;
 0.11641649, -0.021453727, 0.99296874, 0;
 8.4006681, 1.2825561, -12.657088, 1]
235 24.3966100000
[0.99704629, 0.012658565, -0.075752489, 0;
 -0.010748347, 0.99961519, 0.025571374, 0;
 0.076047041, -0.02468163, 0.99679869, 0;
 8.9101562, 1.3326043, -12.463116, 1]
237 24.6042400000
[0.99930114, 0.01491955, -0.034272898, 0;
 -0.014013905, 0.99955022, 0.026514491, 0;
 0.034653064, -0.026015665, 0.99906075, 0;
 9.4218044, 1.3719443, -12.243662, 1]
240 24.9156200000
[0.99949324, 0.018842183, 0.025656786, 0;
 -0.019428192, 0.99955159, 0.022785829, 0;
 -0.025215946, -0.023272747, 0.99941111, 0;
 10.139982, 1.3808845, -11.911029, 1]
243 25.2268700000
[0.9963448, 0.021200361, 0.082749903, 0;
 -0.022555081, 0.99962586, 0.015470809, 0;
 -0.082390957, -0.017280692, 0.99645025, 0;
 10.809342, 1.3331411, -11.576554, 1]
246 25.5378700000
[0.99028176, 0.025826832, 0.13665646, 0;
 -0.025892423, 0.99966389, -0.0012978408, 0;
 -0.13664405, -0.0022531387, 0.99061763, 0;
 11.429021, 1.1924801, -11.253265, 1]
249 25.8489900000
[0.98135054, 0.030296316, 0.1898241, 0;
 -0.029331261, 0.9995386, -0.0078919763, 0;
 -0.18997562, 0.0021770154, 0.98178637, 0;
 12.024218, 1.1828147, -10.90099, 1]
252 26.1602400000
[0.97022897, 0.0305744, 0.24025178, 0;
 -0.027142225, 0.99947697, -0.017582526, 0;
 -0.24066369, 0.010538108, 0.97055137, 0;
 12.581592, 1.0794353, -10.551822, 1]
255 26.4714900000
[0.9555034, 0.038393583, 0.29247081, 0;
 -0.033572111, 0.99920523, -0.021488644, 0;
 -0.2930634, 0.01071361, 0.95603299, 0;
 13.137308, 1.1544958, -10.142471, 1]
258 26.7828600000
[0.93763906, 0.040721335, 0.34521708, 0;
 -0.031125393, 0.99896073, -0.03329682, 0;
 -0.34621418, 0.020475382, 0.93793201, 0;
 13.697825, 1.0444219, -9.6948299, 1]
260 26.9905100000
[0.92120326, 0.046723891, 0.38626605, 0;
 -0.032751456, 0.99855185, -0.04267909, 0;
 -0.3877008, 0.026665341, 0.92139947, 0;
 14.123027, 1.0178921, -9.2871323, 1]
263 27.3021400000
[0.88568538, 0.058848921, 0.46054122, 0;
 -0.040262599, 0.99793297, -0.050087333, 0;
 -0.46253684, 0.025819032, 0.88622403, 0;
 14.841444, 1.1462814, -8.4041147, 1]
265 27.5099400000
[0.85796475, 0.064579599, 0.50963318, 0;
 -0.041772049, 0.9975518, -0.056084558, 0;
 -0.51200742, 0.026830152, 0.85856193, 0;
 15.296148, 1.1854842, -7.7660661, 1]
268 27.8212500000
[0.81271613, 0.070895411, 0.57833064, 0;
 -0.038149785, 0.99691474, -0.068596981, 0;
 -0.58140957, 0.033686683, 0.81291336, 0;
 15.900863, 1.1466622, -6.7918863, 1]
270 28.0287500000
[0.78221267, 0.07377585, 0.61862785, 0;
 -0.034596834, 0.99657542, -0.075103492, 0;
 -0.62205017, 0.037344337, 0.78208631, 0;
 16.233593, 1.1207141, -6.1884685, 1]
273 28.3400500000
[0.73815876, 0.075800844, 0.67035508, 0;
 -0.028716801, 0.99629742, -0.081035607, 0;
 -0.67401558, 0.040566687, 0.73760241, 0;
 16.631538, 1.0933905, -5.3839884, 1]
275 28.5475000000
[0.71016306, 0.079560056, 0.69952744, 0;
 -0.023773201, 0.99573761, -0.089114584, 0;
 -0.70363575, 0.046655878, 0.70902747, 0;
 16.843899, 1.0347703, -4.916337, 1]
277 28.7549800000
[0.6813578, 0.081914529, 0.72735244, 0;
 -0.020297874, 0.99545044, -0.093093432, 0;
 -0.73166901, 0.048666228, 0.67992061, 0;
 17.03294, 1.025353, -4.4487033, 1]
279 28.9623100000
[0.64918584, 0.083495677, 0.75603318, 0;
 -0.021670122, 0.99558359, -0.091343857, 0;
 -0.76032108, 0.04291581, 0.64812815, 0;
 17.208084, 1.131348, -3.9281394, 1]
281 29.1696300000
[0.61493629, 0.08663889, 0.78380293, 0;
 -0.026304824, 0.99564677, -0.089417808, 0;
 -0.78813791, 0.034368455, 0.61453837, 0;
 17.358206, 1.2944338, -3.3819637, 1]
283 29.3769000000
[0.58003885, 0.093830273, 0.80916673, 0;
 -0.029827967, 0.9951241, -0.094012007, 0;
 -0.81404251, 0.030394819, 0.58000946, 0;
 17.483078, 1.418373, -2.8455434, 1]
285 29.5844100000
[0.54051244, 0.093602315, 0.83611298, 0;
 -0.031998076, 0.99536002, -0.090744488, 0;
 -0.84072733, 0.022294519, 0.54099959, 0;
 17.595194, 1.5498998, -2.2151115, 1]
287 29.7917600000
[0.499075, 0.090655312, 0.86180377, 0;
 -0.031874191, 0.9957602, -0.08628802, 0;
 -0.8659724, 0.015594896, 0.4998486, 0;
 17.68095, 1.6385106, -1.5562871, 1]
289 29.9992800000
[0.45708761, 0.089728892, 0.884884, 0;
 -0.030624432, 0.99589598, -0.085166633, 0;
 -0.88889432, 0.011829543, 0.45795962, 0;
 17.736507, 1.6959331, -0.90650511, 1]
291 30.2067400000
[0.41630253, 0.089968689, 0.904764, 0;
 -0.026137136, 0.99586523, -0.087001398, 0;
 -0.90885043, 0.012570963, 0.41693273, 0;
 17.764984, 1.6886857, -0.29437211, 1]
293 30.4141800000
[0.37579629, 0.087594517, 0.92255318, 0;
 -0.020491723, 0.99606472, -0.086227112, 0;
 -0.9264757, 0.013499126, 0.3761124, 0;
 17.766998, 1.6610179, 0.30827057, 1]
295 30.6219000000
[0.33601016, 0.092139423, 0.93734068, 0;
 -0.019938102, 0.99567622, -0.090726487, 0;
 -0.94164729, 0.011796227, 0.33639443, 0;
 17.736771, 1.7243333, 0.86920357, 1]
297 30.8291800000
[0.29831004, 0.10906178, 0.94821763, 0;
 -0.022215694, 0.99397463, -0.10733557, 0;
 -0.95421046, 0.010953964, 0.29893547, 0;
 17.682608, 1.8546931, 1.3530102, 1]
299 31.0366900000
[0.2589044, 0.1146661, 0.95907259, 0;
 -0.027353344, 0.99340069, -0.11138623, 0;
 -0.96551555, 0.0026045409, 0.26033229, 0;
 17.600471, 2.032135, 1.8761148, 1]
301 31.2441300000
[0.21995524, 0.11543173, 0.96865642, 0;
 -0.032804642, 0.99328798, -0.11091796, 0;
 -0.97495824, -0.0073794392, 0.2222656, 0;
 17.496868, 2.2053995, 2.3898957, 1]
303 31.4517100000
[0.18318099, 0.11384092, 0.97646552, 0;
 -0.032927085, 0.99342567, -0.10964122, 0;
 -0.98252761, -0.012067975, 0.18572515, 0;
 17.388603, 2.2768478, 2.8719857, 1]
305 31.6591700000
[0.14586534, 0.11819012, 0.9822191, 0;
 -0.035776984, 0.99281883, -0.11415249, 0;
 -0.98865736, -0.018489946, 0.14904635, 0;
 17.256971, 2.4115567, 3.3374469, 1]
307 31.8666200000
[0.11023627, 0.11690323, 0.98700637, 0;
 -0.035090789, 0.99289733, -0.11368176, 0;
 -0.99328578, -0.022102978, 0.11355553, 0;
 17.122046, 2.4673479, 3.7868526, 1]
309 32.0757900000
[0.080888264, 0.10921472, 0.99072158, 0;
 -0.033048201, 0.99372602, -0.10684767, 0;
 -0.99617511, -0.024098841, 0.083990119, 0;
 17.001591, 2.4584744, 4.1420426, 1]
311 32.2814100000
[0.057986002, 0.1056074, 0.99271584, 0;
 -0.030441137, 0.99411362, -0.10397799, 0;
 -0.99785316, -0.02419013, 0.060859486, 0;
 16.903879, 2.444042, 4.3803563, 1]
313 32.4887800000
[0.042740434, 0.10953575, 0.99306351, 0;
 -0.031061601, 0.99363703, -0.10826214, 0;
 -0.99860322, -0.026218971, 0.045870833, 0;
 16.832394, 2.5020318, 4.4677286, 1]
315 32.6961600000
[0.031739812, 0.12240454, 0.99197263, 0;
 -0.031402636, 0.99210483, -0.12141607, 0;
 -0.99900275, -0.027296834, 0.035333049, 0;
 16.780178, 2.589196, 4.4635806, 1]
317 32.9035500000
[0.023341874, 0.11677399, 0.99288416, 0;
 -0.031861875, 0.99273717, -0.11600765, 0;
 -0.99921966, -0.028927315, 0.026892982, 0;
 16.740261, 2.5900002, 4.4640808, 1]
319 33.1109000000
[0.02001987, 0.10356861, 0.99442083, 0;
 -0.029758511, 0.99424118, -0.1029508, 0;
 -0.99935663, -0.027531421, 0.022986628, 0;
 16.729284, 2.5045161, 4.4068851, 1]
321 33.3184400000
[0.02103789, 0.10873782, 0.99384785, 0;
 -0.030185316, 0.99368376, -0.1080809, 0;
 -0.99932289, -0.027725818, 0.024187295, 0;
 16.733568, 2.5346942, 4.2285967, 1]
323 33.5257700000
[0.024597632, 0.11197823, 0.99340618, 0;
 -0.035089556, 0.99319124, -0.11108515, 0;
 -0.99908143, -0.032125752, 0.028359419, 0;
 16.740038, 2.6252728, 4.0067129, 1]
325 33.7331200000
[0.031339761, 0.11465162, 0.99291128, 0;
 -0.038736705, 0.99279225, -0.1134152, 0;
 -0.9987579, -0.034907706, 0.035555098, 0;
 16.761696, 2.6856544, 3.7369683, 1]
327 33.9409100000
[0.043028481, 0.11501561, 0.99243134, 0;
 -0.041472655, 0.99270076, -0.11324872, 0;
 -0.9982127, -0.036285844, 0.047484409, 0;
 16.800959, 2.7120733, 3.3940501, 1]
329 34.1478800000
[0.057746489, 0.11288184, 0.99192894, 0;
 -0.038707796, 0.99309301, -0.11076089, 0;
 -0.99758059, -0.031999331, 0.061717041, 0;
 16.859228, 2.6338847, 3.0172901, 1]
331 34.3553800000
[0.071745388, 0.11320937, 0.99097741, 0;
 -0.037881117, 0.99313027, -0.11071277, 0;
 -0.99670339, -0.029596202, 0.075541012, 0;
 16.906494, 2.5976305, 2.6437802, 1]
333 34.5630200000
[0.085473306, 0.10986203, 0.99026495, 0;
 -0.039572652, 0.99349225, -0.10680442, 0;
 -0.99555427, -0.030058483, 0.089264601, 0;
 16.941338, 2.5945823, 2.2781205, 1]
335 34.7704000000
[0.099022783, 0.10911223, 0.98908496, 0;
 -0.040553063, 0.9935869, -0.10554887, 0;
 -0.99425846, -0.029658681, 0.10281257, 0;
 16.972376, 2.5872045, 1.9125407, 1]
337 34.9779000000
[0.11221655, 0.11281852, 0.98725855, 0;
 -0.039928075, 0.99324346, -0.10896402, 0;
 -0.99288124, -0.027191767, 0.11596298, 0;
 17.001854, 2.5608089, 1.5423642, 1]
339 35.1855100000
[0.12580211, 0.11556158, 0.98530167, 0;
 -0.043587517, 0.99287695, -0.11088485, 0;
 -0.99109733, -0.028997304, 0.12994307, 0;
 17.016014, 2.6019766, 1.1600424, 1]
341 35.3930800000
[0.13943192, 0.11250284, 0.98382002, 0;
 -0.044672426, 0.99322826, -0.1072475, 0;
 -0.98922348, -0.028995903, 0.14351349, 0;
 17.031647, 2.5940444, 0.79650331, 1]
343 35.6006600000
[0.15246026, 0.10995919, 0.9821735, 0;
 -0.044577364, 0.99354506, -0.10431265, 0;
 -0.98730379, -0.027879173, 0.15637784, 0;
 17.044554, 2.5694232, 0.44461459, 1]
345 35.8081300000
[0.16680038, 0.1114835, 0.97966784, 0;
 -0.042337455, 0.99348074, -0.1058469, 0;
 -0.98508132, -0.023821339, 0.1704329, 0;
 17.058161, 2.5076883, 0.062527701, 1]
347 36.0156300000
[0.18521991, 0.11517704, 0.97592407, 0;
 -0.040895049, 0.99315083, -0.10944866, 0;
 -0.9818458, -0.019638391, 0.18866149, 0;
 17.06406, 2.4499683, -0.39646956, 1]
349 36.2232400000
[0.20227939, 0.11488903, 0.97256547, 0;
 -0.04239032, 0.99319124, -0.10850898, 0;
 -0.97841001, -0.01927823, 0.20577231, 0;
 17.055714, 2.4447465, -0.82633519, 1]
352 36.5344100000
[0.21331739, 0.11562974, 0.9701162, 0;
 -0.047030225, 0.99303567, -0.10802014, 0;
 -0.97585034, -0.022582207, 0.21726987, 0;
 17.038448, 2.5044978, -1.2274866, 1]
353 36.6381400000
[0.21629037, 0.11721047, 0.96926785, 0;
 -0.046930667, 0.99286813, -0.10959189, 0;
 -0.97520047, -0.021784717, 0.22024858, 0;
 17.035568, 2.4952407, -1.3512511, 1]
355 36.8458300000
[0.22260475, 0.11661883, 0.96790868, 0;
 -0.044296257, 0.99300426, -0.109455, 0;
 -0.97390193, -0.018509526, 0.22621325, 0;
 17.034994, 2.4396422, -1.5935667, 1]
357 37.0533500000
[0.22943351, 0.11799534, 0.96614563, 0;
 -0.043517794, 0.99287546, -0.11092556, 0;
 -0.97235101, -0.016594486, 0.2329338, 0;
 17.027639, 2.4114242, -1.8544353, 1]
359 37.2607700000
[0.23728122, 0.11213446, 0.9649474, 0;
 -0.040346846, 0.99359596, -0.10554232, 0;
 -0.97060275, -0.013889373, 0.24028593, 0;
 17.022326, 2.3541317, -2.1136279, 1]
361 37.4682600000
[0.24685779, 0.11220025, 0.96253431, 0;
 -0.038571771, 0.99362499, -0.10593204, 0;
 -0.96828377, -0.010976504, 0.24961184, 0;
 17.008053, 2.3060596, -2.4177017, 1]
363 37.6757500000
[0.25942063, 0.11331313, 0.95909387, 0;
 -0.037809938, 0.99352324, -0.1071538, 0;
 -0.96502399, -0.008465372, 0.26202479, 0;
 16.980484, 2.2664545, -2.7788191, 1]
365 37.8843100000
[0.27497044, 0.11161588, 0.95495188, 0;
 -0.036601916, 0.99373382, -0.10560954, 0;
 -0.96075571, -0.0059135677, 0.27733278, 0;
 16.940838, 2.2205851, -3.1867397, 1]
368 38.1946300000
[0.30643171, 0.11136827, 0.94535536, 0;
 -0.030273063, 0.99377012, -0.10725896, 0;
 -0.95141113, 0.0042487471, 0.30789414, 0;
 16.848093, 2.0481844, -3.9373672, 1]
370 38.4020100000
[0.32795167, 0.10776028, 0.93852836, 0;
 -0.031295668, 0.99416685, -0.1032129, 0;
 -0.94417596, 0.0044769715, 0.32941109, 0;
 16.757053, 2.0408599, -4.4503255, 1]
372 38.6097300000
[0.34844527, 0.11200473, 0.93061316, 0;
 -0.035651863, 0.99370027, -0.10624866, 0;
 -0.93665087, 0.0038437475, 0.3502433, 0;
 16.650278, 2.0584397, -4.9655619, 1]
374 38.8170700000
[0.36829901, 0.1122281, 0.92290884, 0;
 -0.040549602, 0.99368185, -0.10465242, 0;
 -0.9288227, 0.0011197969, 0.37052286, 0;
 16.533628, 2.1075802, -5.4617887, 1]
376 39.0246800000
[0.3850109, 0.1096642, 0.91637349, 0;
 -0.042850487, 0.99396861, -0.10094669, 0;
 -0.92191672, -0.00040147651, 0.3873879, 0;
 16.429821, 2.1336253, -5.893033, 1]
378 39.2321300000
[0.40041786, 0.10774679, 0.90997595, 0;
 -0.044790458, 0.99417722, -0.098007537, 0;
 -0.91523731, -0.0015142686, 0.40291235, 0;
 16.327267, 2.1527839, -6.3013511, 1]
380 39.4397100000
[0.41552186, 0.10936948, 0.9029839, 0;
 -0.046775743, 0.99400049, -0.098868839, 0;
 -0.90837967, -0.0011555781, 0.41814476, 0;
 16.219574, 2.1495297, -6.7115822, 1]
383 39.7511600000
[0.43959287, 0.10835505, 0.89163744, 0;
 -0.04758805, 0.99411219, -0.097346418, 0;
 -0.89693558, 0.00036150316, 0.44216102, 0;
 16.038643, 2.1249871, -7.3397045, 1]
385 39.9586700000
[0.45663363, 0.10303607, 0.88366807, 0;
 -0.048048545, 0.99467725, -0.091150805, 0;
 -0.88835639, -0.00083644461, 0.45915383, 0;
 15.898794, 2.1459756, -7.7650356, 1]
387 40.1661600000
[0.47304115, 0.10082212, 0.87525254, 0;
 -0.051396139, 0.99489677, -0.086826503, 0;
 -0.87953997, -0.0039120899, 0.47580898, 0;
 15.746879, 2.2013304, -8.1869154, 1]
389 40.3737700000
[0.48909441, 0.099830732, 0.86649901, 0;
 -0.053520888, 0.99499142, -0.084424749, 0;
 -0.87058729, -0.0050841258, 0.49198776, 0;
 15.592167, 2.2234213, -8.6040916, 1]
391 40.5813500000
[0.50520223, 0.099000618, 0.85730368, 0;
 -0.054754946, 0.99507385, -0.082643539, 0;
 -0.8612622, -0.0051899161, 0.50813431, 0;
 15.430294, 2.227103, -9.0223713, 1]
393 40.7888000000
[0.52176231, 0.098991238, 0.84732807, 0;
 -0.054469168, 0.99508381, -0.082712494, 0;
 -0.85135019, -0.00299699, 0.52458918, 0;
 15.258062, 2.1896288, -9.4493074, 1]
396 41.1001400000
[0.54369026, 0.09342128, 0.83407038, 0;
 -0.055156678, 0.99561453, -0.075561292, 0;
 -0.8374716, -0.0049226154, 0.54645872, 0;
 15.009858, 2.2277486, -10.023972, 1]
398 41.3076300000
[0.55212718, 0.089680701, 0.82892275, 0;
 -0.056726485, 0.9959352, -0.06996543, 0;
 -0.83182794, -0.0083920602, 0.55497015, 0;
 14.905379, 2.2930121, -10.296613, 1]
400 41.5154300000
[0.55763459, 0.084556006, 0.82576871, 0;
 -0.057286877, 0.99634665, -0.063337281, 0;
 -0.82810742, -0.011986651, 0.56044132, 0;
 14.836388, 2.3612812, -10.513872, 1]
402 41.7231000000
[0.56098801, 0.083984405, 0.82355273, 0;
 -0.057355322, 0.99639297, -0.062541023, 0;
 -0.82583463, -0.012150367, 0.56378144, 0;
 14.795091, 2.3664138, -10.702684, 1]
405 42.0344300000
[0.56616825, 0.084359095, 0.81996161, 0;
 -0.05581601, 0.99638969, -0.063970402, 0;
 -0.82239777, -0.0095489761, 0.56883276, 0;
 14.734317, 2.3208327, -10.994388, 1]
407 42.2418800000
[0.56883085, 0.077856191, 0.81876117, 0;
 -0.051620394, 0.99692631, -0.058934905, 0;
 -0.82083297, -0.0087407799, 0.57110143, 0;
 14.713829, 2.3123124, -11.157428, 1]
409 42.4497000000
[0.57127583, 0.072284698, 0.81756884, 0;
 -0.051722705, 0.99730492, -0.052034702, 0;
 -0.81912678, -0.012560705, 0.573475, 0;
 14.680571, 2.3896449, -11.31812, 1]
412 42.7609100000
[0.57295895, 0.071621366, 0.81644869, 0;
 -0.053006351, 0.99732703, -0.050290316, 0;
 -0.81786817, -0.014462678, 0.5752238, 0;
 14.653885, 2.4285238, -11.548865, 1]
415 43.0721300000
[0.57480091, 0.064573959, 0.81574148, 0;
 -0.052786049, 0.99773121, -0.041785281, 0;
 -0.816589, -0.019041553, 0.57690537, 0;
 14.628734, 2.5250912, -11.76536, 1]
417 43.2797500000
[0.57686597, 0.062687509, 0.81442982, 0;
 -0.053121563, 0.99781924, -0.039176833, 0;
 -0.81510967, -0.020664005, 0.57893801, 0;
 14.598132, 2.5599031, -11.931962, 1]
420 43.5911700000
[0.58178729, 0.0568121, 0.81135434, 0;
 -0.051651422, 0.99812466, -0.032852989, 0;
 -0.81169921, -0.022794157, 0.58363068, 0;
 14.53196, 2.6110113, -12.205183, 1]
422 43.7984600000
[0.5866164, 0.054854099, 0.80800509, 0;
 -0.051564295, 0.998209, -0.03033074, 0;
 -0.8082217, -0.023871705, 0.58839428, 0;
 14.460124, 2.6362574, -12.419763, 1]
424 44.0058900000
[0.59418815, 0.04837596, 0.80286998, 0;
 -0.049233899, 0.99850541, -0.023726707, 0;
 -0.80281782, -0.025430288, 0.59568185, 0;
 14.352233, 2.6786702, -12.67112, 1]
426 44.2133000000
[0.60581654, 0.044778742, 0.79434323, 0;
 -0.045292895, 0.9987368, -0.021757586, 0;
 -0.79431409, -0.022797, 0.60707939, 0;
 14.180836, 2.6364715, -13.005324, 1]
428 44.4217900000
[0.61744946, 0.046498038, 0.78523505, 0;
 -0.04800012, 0.99861825, -0.021389956, 0;
 -0.78514469, -0.024484161, 0.61882824, 0;
 13.980194, 2.6677632, -13.348271, 1]
430 44.6280200000
[0.63046306, 0.040187214, 0.77517825, 0;
 -0.046353139, 0.99882585, -0.014082035, 0;
 -0.77483398, -0.027053742, 0.6315856, 0;
 13.762492, 2.7314577, -13.693087, 1]
432 44.8356700000
[0.64576012, 0.038128048, 0.76258779, 0;
 -0.043238945, 0.99897581, -0.013332249, 0;
 -0.76231503, -0.024364056, 0.64674735, 0;
 13.498783, 2.6850343, -14.095635, 1]
434 45.0430600000
[0.6634376, 0.036746684, 0.7473287, 0;
 -0.04114465, 0.99907374, -0.012599193, 0;
 -0.74709946, -0.022389801, 0.66433507, 0;
 13.173198, 2.6510308, -14.540936, 1]
436 45.2505400000
[0.68091196, 0.033191476, 0.73161274, 0;
 -0.039645009, 0.99917823, -0.0084326593, 0;
 -0.73129141, -0.023262896, 0.68166828, 0;
 12.832374, 2.6771066, -14.973823, 1]
438 45.4580500000
[0.69843554, 0.030832596, 0.7150085, 0;
 -0.039956529, 0.99919319, -0.0040568211, 0;
 -0.71455669, -0.025735829, 0.69910401, 0;
 12.465438, 2.7332687, -15.406498, 1]
440 45.6655200000
[0.7150991, 0.025737809, 0.69854909, 0;
 -0.039670818, 0.99920559, 0.0037952999, 0;
 -0.69789648, -0.030426029, 0.71555209, 0;
 12.100904, 2.839596, -15.815342, 1]
442 45.8730200000
[0.73219228, 0.016563682, 0.68089652, 0;
 -0.034236979, 0.99933547, 0.012506125, 0;
 -0.68023694, -0.032468729, 0.73227286, 0;
 11.721701, 2.9047101, -16.224092, 1]
444 46.0806900000
[0.75058031, 0.010347687, 0.66069824, 0;
 -0.026063604, 0.99956286, 0.013954424, 0;
 -0.66026503, -0.027694093, 0.7505219, 0;
 11.296883, 2.8272865, -16.675837, 1]
446 46.2877900000
[0.76871598, 0.004856911, 0.63957185, 0;
 -0.022668207, 0.99954981, 0.01965485, 0;
 -0.63918847, -0.029606944, 0.76848, 0;
 10.836154, 2.8815393, -17.110664, 1]
448 46.4952100000
[0.78634185, 0.0021985425, 0.61778772, 0;
 -0.021432534, 0.99948877, 0.023723166, 0;
 -0.61741972, -0.031895276, 0.78598702, 0;
 10.354295, 2.9369206, -17.540575, 1]
450 46.7026500000
[0.80354482, -0.00068413577, 0.59524387, 0;
 -0.019480975, 0.9994334, 0.027446875, 0;
 -0.5949254, -0.033650726, 0.80307621, 0;
 9.8551149, 2.9822524, -17.964197, 1]
452 46.9101400000
[0.8174575, 0.0012387055, 0.57598758, 0;
 -0.021772943, 0.99934942, 0.028751587, 0;
 -0.5755772, -0.036044147, 0.81695271, 0;
 9.4168167, 3.02723, -18.336935, 1]
454 47.1176600000
[0.82832235, 0.0057331617, 0.56022245, 0;
 -0.026521588, 0.99922788, 0.028987931, 0;
 -0.55962366, -0.03886934, 0.82783484, 0;
 9.048336, 3.0740893, -18.661976, 1]
456 47.3255100000
[0.83870423, 0.0095728273, 0.54450303, 0;
