0 1464106955.9439501762 0.0000000000
[0.99999976, 0.00022803937, 0.00066252879, 0;
 -0.00022807826, 1, 5.8638245e-05, 0;
 -0.00066251541, -5.8789341e-05, 0.99999976, 0;
 -0.0013345204, 0.00043564846, -0.0023361414, 1]
141 1464106961.7045285702 0.0000000000
[0.97131538, -0.20643851, 0.11802363, 0;
 0.21039782, 0.97736835, -0.021997111, 0;
 -0.11081151, 0.046198048, 0.9927671, 0;
 0.48511341, 0.3307513, 1.0166125, 1]
146 1464106961.9045822620 0.0000000000
[0.96272534, -0.2441389, 0.11643089, 0;
 0.25051808, 0.967134, -0.043502666, 0;
 -0.10198358, 0.071049161, 0.99224561, 0;
 0.50713074, 0.28210968, 0.99451631, 1]
152 1464106962.1446332932 0.0000000000
[0.96093166, -0.2593421, 0.09670563, 0;
 0.26532906, 0.96258461, -0.055057712, 0;
 -0.078808568, 0.078565508, 0.99378908, 0;
 0.55215168, 0.13952678, 0.90564907, 1]
388 1464106971.5885238647 0.0000000000
[0.93130982, -0.22605224, 0.2855913, 0;
 0.22628069, 0.97351444, 0.032660969, 0;
 -0.28541034, 0.03420632, 0.95779479, 0;
 -0.4909763, -0.48474967, 1.4640659, 1]
391 1464106971.7056593895 0.0000000000
[0.91159928, -0.24440739, 0.33053252, 0;
 0.24345738, 0.96886867, 0.044967048, 0;
 -0.33123288, 0.039478652, 0.9427228, 0;
 -0.7180227, -0.5012449, 1.4523486, 1]
406 1464106972.3056862354 0.0000000000
[0.88726413, -0.21625976, 0.4074237, 0;
 0.22567156, 0.97387034, 0.025473915, 0;
 -0.40228686, 0.069341853, 0.91288388, 0;
 -1.6223027, -0.48883039, 1.3434545, 1]
410 1464106972.4657232761 0.0000000000
[0.8804661, -0.22585639, 0.41685528, 0;
 0.24203371, 0.97016054, 0.014428257, 0;
 -0.40767527, 0.088189431, 0.90885836, 0;
 -1.8652307, -0.45601434, 1.30431, 1]
413 1464106972.5856976509 0.0000000000
[0.8833344, -0.21918294, 0.4143419, 0;
 0.23401803, 0.97211128, 0.015335257, 0;
 -0.40614766, 0.083417319, 0.9099921, 0;
 -2.0165625, -0.4778488, 1.2679076, 1]
417 1464106972.7457144260 0.0000000000
[0.8804003, -0.21980686, 0.4202145, 0;
 0.23795258, 0.97123039, 0.0094941799, 0;
 -0.41021198, 0.091632448, 0.9073751, 0;
 -2.2638166, -0.45393711, 1.2181897, 1]
427 1464106973.1456758976 0.0000000000
[0.82759738, -0.26198423, 0.49643415, 0;
 0.25597236, 0.96323377, 0.081601962, 0;
 -0.49956056, 0.059539855, 0.86423045, 0;
 -2.89136, -0.41309863, 0.70875925, 1]
431 1464106973.3056411743 0.0000000000
[0.79173434, -0.2555584, 0.55483931, 0;
 0.24672326, 0.96468353, 0.092267603, 0;
 -0.55882412, 0.063840345, 0.82682526, 0;
 -3.1113877, -0.4030911, 0.32606173, 1]
434 1464106973.4258630276 0.0000000000
[0.77812487, -0.25306013, 0.57487583, 0;
 0.23583734, 0.96599293, 0.10601142, 0;
 -0.58215326, 0.053087071, 0.81134415, 0;
 -3.2275267, -0.41312572, 0.095001929, 1]
438 1464106973.5879282951 0.0000000000
[0.71951526, -0.29276195, 0.62975252, 0;
 0.26117399, 0.95430273, 0.14523935, 0;
 -0.64349514, 0.059973069, 0.76309717, 0;
 -3.3654969, -0.23906726, -0.36771721, 1]
442 1464106973.7458202839 0.0000000000
[0.63301706, -0.3319926, 0.69933563, 0;
 0.28702295, 0.93963957, 0.18626672, 0;
 -0.71896261, 0.082815357, 0.69009739, 0;
 -3.4321835, -0.026035974, -0.92766601, 1]
445 1464106973.8659327030 0.0000000000
[0.56962705, -0.34281081, 0.74699783, 0;
 0.30020502, 0.93284786, 0.19917788, 0;
 -0.76511568, 0.11079538, 0.63428891, 0;
 -3.4380431, 0.084623471, -1.3509539, 1]
449 1464106974.0256822109 0.0000000000
[0.4882918, -0.39026639, 0.78055316, 0;
 0.33221927, 0.91021365, 0.24726804, 0;
 -0.80697054, 0.13857585, 0.57410383, 0;
 -3.3919315, 0.35262293, -1.8517013, 1]
453 1464106974.1882052422 0.0000000000
[0.44866905, -0.41174936, 0.79319513, 0;
 0.3183448, 0.90295839, 0.28865671, 0;
 -0.83507645, 0.12299825, 0.53620774, 0;
 -3.362339, 0.45983037, -2.2160387, 1]
457 1464106974.3458969593 0.0000000000
[0.41678455, -0.43222821, 0.79966831, 0;
 0.30319276, 0.89544213, 0.32597175, 0;
 -0.85695088, 0.10659366, 0.50425488, 0;
 -3.303911, 0.57727903, -2.5261352, 1]
467 1464106974.7459199429 0.0000000000
[0.21555278, -0.47174513, 0.8549816, 0;
 0.28380489, 0.86803418, 0.40739587, 0;
 -0.9343403, 0.15483266, 0.32099077, 0;
 -2.6096029, 0.98692262, -3.6397197, 1]
471 1464106974.9064707756 0.0000000000
[0.1012838, -0.47354275, 0.87492794, 0;
 0.2696085, 0.85960531, 0.43403909, 0;
 -0.95762879, 0.19192687, 0.21473525, 0;
 -2.1149168, 1.1551081, -4.0986485, 1]
476 1464106975.1062862873 0.0000000000
[0.0096476516, -0.46552911, 0.88497996, 0;
 0.26291072, 0.85506421, 0.4469263, 0;
 -0.96477193, 0.22835895, 0.13064197, 0;
 -1.6675363, 1.2604682, -4.5126739, 1]
482 1464106975.3460011482 0.0000000000
[-0.017664758, -0.43767089, 0.89896172, 0;
 0.24518931, 0.86975217, 0.42826787, 0;
 -0.96931428, 0.22798106, 0.091948263, 0;
 -1.4877858, 1.171351, -4.9088902, 1]
487 1464106975.5460097790 0.0000000000
[-0.02561344, -0.44178623, 0.89675462, 0;
 0.24651897, 0.86655438, 0.43394923, 0;
 -0.96879941, 0.23218195, 0.086713247, 0;
 -1.451478, 1.3009615, -5.1421332, 1]
500 1464106976.0660104752 0.0000000000
[0.037517961, -0.40433383, 0.91384166, 0;
 0.21270593, 0.89676005, 0.38804331, 0;
 -0.97639573, 0.17982094, 0.11964881, 0;
 -1.8633221, 1.1374781, -5.7764812, 1]
505 1464106976.2660551071 0.0000000000
[0.066098146, -0.37159365, 0.92603952, 0;
 0.20107861, 0.91398984, 0.35240602, 0;
 -0.97734255, 0.16291335, 0.13513257, 0;
 -2.1221573, 0.99021238, -6.0063367, 1]
515 1464106976.6662096977 0.0000000000
[0.011422975, -0.31033969, 0.95055711, 0;
 0.25694913, 0.91960877, 0.29714781, 0;
 -0.96635741, 0.24085051, 0.090246178, 0;
 -2.1231415, 0.8153162, -6.6848402, 1]
528 1464106977.1886672974 0.0000000000
[0.1018616, -0.2952112, 0.94998664, 0;
 0.19924609, 0.9416579, 0.27125901, 0;
 -0.97464108, 0.16165024, 0.15473846, 0;
 -3.1037078, 0.57860178, -7.1757374, 1]
541 1464106977.7062861919 0.0000000000
[0.22919336, -0.28289738, 0.9313643, 0;
 0.18307266, 0.95228678, 0.24420132, 0;
 -0.95600986, 0.11453803, 0.27004859, 0;
 -4.4760675, 0.37666935, -7.3603706, 1]
550 1464106978.0662894249 0.0000000000
[0.42161879, -0.18809605, 0.88704985, 0;
 0.19419405, 0.97428232, 0.11429209, 0;
 -0.88573486, 0.12407211, 0.44730285, 0;
 -6.2460122, -0.414103, -6.6090665, 1]
559 1464106978.4266664982 0.0000000000
[0.66362107, -0.12465815, 0.73760921, 0;
 0.16142771, 0.98665005, 0.021511566, 0;
 -0.73044378, 0.10479505, 0.67488509, 0;
 -8.1803579, -1.1160389, -4.7291574, 1]
566 1464106978.7069740295 0.0000000000
[0.76254451, -0.10988888, 0.63753456, 0;
 0.13545649, 0.99074465, 0.008752808, 0;
 -0.63259578, 0.079683788, 0.77037203, 0;
 -9.062789, -1.3901742, -3.7145617, 1]
575 1464106979.0662322044 0.0000000000
[0.83554447, -0.056218024, 0.54653907, 0;
 0.13914688, 0.98397303, -0.11151333, 0;
 -0.53151065, 0.16922356, 0.82997578, 0;
 -9.912962, -1.6612488, -2.5227249, 1]
581 1464106979.3063595295 0.0000000000
[0.87897474, -0.10709872, 0.46468624, 0;
 0.20362261, 0.96544433, -0.16265011, 0;
 -0.43120909, 0.23758596, 0.87040889, 0;
 -10.501778, -0.9284122, -1.5397313, 1]
600 1464106980.0664865971 0.0000000000
[0.75288886, -0.57103229, 0.32723153, 0;
 0.6472286, 0.73258787, -0.21073715, 0;
 -0.11938813, 0.37045527, 0.92114568, 0;
 -10.436674, 5.1368494, -0.14471446, 1]
604 1464106980.2270240784 0.0000000000
[0.65614212, -0.67245156, 0.34247115, 0;
 0.75294721, 0.61373013, -0.23749913, 0;
 -0.050478198, 0.41369587, 0.9090147, 0;
 -9.6944551, 6.8637853, -0.31568795, 1]
620 1464106980.8665113449 0.0000000000
[0.4689346, -0.86554474, 0.17587674, 0;
 0.86831248, 0.41533354, -0.27116698, 0;
 0.16165964, 0.27987555, 0.94632757, 0;
 -7.8964071, 9.8993711, 1.7169098, 1]
639 1464106981.6265985966 0.0000000000
[0.13635366, -0.97727937, 0.16227366, 0;
 0.94243163, 0.077476732, -0.32529983, 0;
 0.30533636, 0.19728765, 0.93158323, 0;
 -4.0722799, 13.192014, 1.9764482, 1]
652 1464106982.1472694874 0.0000000000
[-0.040480323, -0.99547559, 0.085963115, 0;
 0.95188153, -0.064577922, -0.29958516, 0;
 0.30378103, 0.069699399, 0.95018899, 0;
 -1.8754324, 14.288712, 2.9745498, 1]
659 1464106982.4268167019 0.0000000000
[-0.0092677148, -0.99627441, 0.085740075, 0;
 0.96589172, -0.031108784, -0.25707087, 0;
 0.25878042, 0.080433168, 0.96258152, 0;
 -2.581455, 14.658277, 2.8456604, 1]
671 1464106982.9067664146 0.0000000000
[0.027092198, -0.99875516, 0.041883204, 0;
 0.95548737, 0.013559306, -0.2947202, 0;
 0.29378542, 0.048003495, 0.9546653, 0;
 -3.1204002, 15.178245, 3.6723516, 1]
677 1464106983.1468541622 0.0000000000
[-0.0016374049, -0.99966204, 0.025945622, 0;
 0.95259935, -0.0094525497, -0.30408075, 0;
 0.30422324, 0.024217879, 0.95229286, 0;
 -2.6847043, 15.558939, 4.0024304, 1]
683 1464106983.3874228001 0.0000000000
[-0.019674852, -0.99952596, 0.023681276, 0;
 0.93084252, -0.026957015, -0.36442488, 0;
 0.36489049, 0.014873534, 0.93093163, 0;
 -2.1724794, 15.970508, 4.2092071, 1]
689 1464106983.6267557144 0.0000000000
[0.015093399, -0.99967849, 0.02037474, 0;
 0.93596405, 0.0069566593, -0.35202688, 0;
 0.35177198, 0.024383307, 0.93576813, 0;
 -2.8472652, 16.25544, 4.2407088, 1]
694 1464106983.8270626068 0.0000000000
[0.001309404, -0.99992681, 0.012027384, 0;
 0.91470546, -0.0036628696, -0.40410453, 0;
 0.40411901, 0.01153065, 0.91463375, 0;
 -2.3928034, 16.589483, 4.5477095, 1]
705 1464106984.2669758797 0.0000000000
[0.036192723, -0.99856293, 0.039524302, 0;
 0.91862327, 0.01767108, -0.39473918, 0;
 0.39347348, 0.050594632, 0.9179427, 0;
 -3.1998687, 17.365763, 4.1797256, 1]
710 1464106984.4693338871 0.0000000000
[0.024227839, -0.99726254, 0.069860511, 0;
 0.9151271, -0.0060071088, -0.4031207, 0;
 0.40243679, 0.073697992, 0.91247642, 0;
 -2.9983864, 17.889565, 3.6911016, 1]
715 1464106984.6670663357 0.0000000000
[0.034185521, -0.99555224, 0.087789699, 0;
 0.91635525, -0.0038373927, -0.40034771, 0;
 0.39890397, 0.094132654, 0.91214836, 0;
 -3.3045824, 18.264757, 3.3816209, 1]
735 1464106985.4670674801 0.0000000000
[0.030137694, -0.99811167, 0.053523909, 0;
 0.91436666, 0.0058991965, -0.40484422, 0;
 0.40376401, 0.061141547, 0.91281778, 0;
 -3.3600554, 19.455412, 4.3453531, 1]
756 1464106986.3086822033 0.0000000000
[0.017353307, -0.99558878, 0.092205301, 0;
 0.9068132, -0.023174783, -0.42089513, 0;
 0.42117533, 0.090916909, 0.90241092, 0;
 -3.2924516, 20.959448, 3.8276296, 1]
759 1464106986.4271955490 0.0000000000
[0.025606804, -0.99491251, 0.097433902, 0;
 0.90171307, -0.019090123, -0.43191326, 0;
 0.43157592, 0.098917343, 0.89663684, 0;
 -3.4297845, 21.163786, 3.7849965, 1]
765 1464106986.6671729088 0.0000000000
[0.053335696, -0.99523222, 0.081658423, 0;
 0.89792448, 0.012020227, -0.43998536, 0;
 0.43690607, 0.096790023, 0.89428449, 0;
 -4.0418649, 21.383265, 4.2510686, 1]
797 1464106987.9478473663 0.0000000000
[0.070535451, -0.99419159, 0.081288911, 0;
 0.88427132, 0.024608394, -0.4663246, 0;
 0.46161559, 0.10477387, 0.88087088, 0;
 -4.62712, 23.384279, 4.6348457, 1]
801 1464106988.1074380875 0.0000000000
[0.071389802, -0.99427062, 0.079557434, 0;
 0.87687975, 0.024546767, -0.48008263, 0;
 0.4753792, 0.10403531, 0.87360817, 0;
 -4.6124191, 23.64797, 4.7527466, 1]
810 1464106988.4675800800 0.0000000000
[0.099314891, -0.98836845, 0.11517118, 0;
 0.89424676, 0.03789014, -0.44596753, 0;
 0.43641636, 0.14728267, 0.88760835, 0;
 -5.7939219, 24.272066, 3.8100932, 1]
834 1464106989.4273307323 0.0000000000
[0.060660549, -0.98904955, 0.13454078, 0;
 0.87895709, -0.010947575, -0.47677523, 0;
 0.47302726, 0.14717701, 0.86866802, 0;
 -4.8636327, 26.241079, 3.5006294, 1]
837 1464106989.5479378700 0.0000000000
[0.066482373, -0.98867208, 0.13456453, 0;
 0.87980413, -0.0055302591, -0.47530416, 0;
 0.47066414, 0.14998978, 0.86947012, 0;
 -5.1063972, 26.420408, 3.484812, 1]
841 1464106989.7075884342 0.0000000000
[0.10489124, -0.98534304, 0.13452475, 0;
 0.88508219, 0.03081388, -0.46441367, 0;
 0.45346153, 0.16777837, 0.87534165, 0;
 -6.2953057, 26.417082, 3.4372358, 1]
848 1464106989.9902038574 0.0000000000
[0.072956257, -0.97974205, 0.18650182, 0;
 0.88959271, -0.020615036, -0.45628923, 0;
 0.45089048, 0.19919981, 0.87006736, 0;
 -5.6103106, 27.183361, 1.9733014, 1]
860 1464106990.4675414562 0.0000000000
[0.0028615906, -0.98035556, 0.19721773, 0;
 0.86570978, -0.096287139, -0.49119791, 0;
 0.50053811, 0.17213893, 0.84842783, 0;
 -3.425375, 28.351572, 1.7931813, 1]
868 1464106990.7907130718 0.0000000000
[-0.17149633, -0.95487368, 0.24249794, 0;
 0.82704794, -0.27328989, -0.49122739, 0;
 0.53533232, 0.11631372, 0.83659452, 0;
 1.7232476, 29.078148, 0.44689181, 1]
871 1464106990.9076669216 0.0000000000
[-0.18037984, -0.95533264, 0.23409967, 0;
 0.83800572, -0.27387634, -0.47195148, 0;
 0.51498502, 0.11104632, 0.84997594, 0;
 1.8089583, 29.25737, 0.59890074, 1]
892 1464106991.7477049828 0.0000000000
[-0.26276955, -0.93701643, 0.23011389, 0;
 0.81804252, -0.34282061, -0.46182302, 0;
 0.5116235, 0.066889919, 0.85660207, 0;
 4.5208192, 30.442398, 0.7000429, 1]
896 1464106991.9076805115 0.0000000000
[-0.2343173, -0.93914372, 0.25120616, 0;
 0.81838864, -0.33002657, -0.47044927, 0;
 0.52472419, 0.095349856, 0.84591544, 0;
 3.7420385, 30.780886, 0.070687011, 1]
922 1464106992.9510526657 0.0000000000
[0.2685875, -0.93232828, 0.24212542, 0;
 0.91295457, 0.16622373, -0.37267089, 0;
 0.3072046, 0.32114425, 0.89581901, 0;
 -13.788058, 29.911657, -0.14164144, 1]
926 1464106993.1082284451 0.0000000000
[0.3515543, -0.8981936, 0.26392779, 0;
 0.90149987, 0.24879315, -0.35411862, 0;
 0.25240365, 0.36242276, 0.89718568, 0;
 -16.769848, 28.636189, -0.99015087, 1]
931 1464106993.3079240322 0.0000000000
[0.44898042, -0.84826702, 0.28081971, 0;
 0.87509036, 0.35389224, -0.33011687, 0;
 0.18064733, 0.39395863, 0.90120095, 0;
 -20.300983, 26.662476, -1.7509997, 1]
940 1464106993.6684038639 0.0000000000
[0.62748533, -0.71216249, 0.3147805, 0;
 0.77443546, 0.52893209, -0.34710312, 0;
 0.080696322, 0.46157929, 0.883421, 0;
 -26.279743, 21.691647, -2.916667, 1]
945 1464106993.8680007458 0.0000000000
[0.70790732, -0.63297129, 0.31339201, 0;
 0.70546865, 0.61206454, -0.35733876, 0;
 0.034369037, 0.47405094, 0.87982637, 0;
 -28.922644, 18.689032, -2.859601, 1]
969 1464106994.8279991150 0.0000000000
[0.96350133, -0.0037586642, 0.26767713, 0;
 0.098329291, 0.93497711, -0.34080663, 0;
 -0.24899101, 0.35468814, 0.90122128, 0;
 -35.623283, -5.5915194, -1.5704621, 1]
990 1464106995.6697287560 0.0000000000
[0.81150693, 0.55050433, 0.19596311, 0;
 -0.45694196, 0.80686176, -0.37440369, 0;
 -0.36422598, 0.21428742, 0.90632242, 0;
 -27.352291, -25.410242, 1.2636001, 1]
996 1464106995.9081838131 0.0000000000
[0.72628856, 0.65757871, 0.20023762, 0;
 -0.53751928, 0.72487855, -0.43084112, 0;
 -0.42845991, 0.20528339, 0.87993228, 0;
 -24.246227, -28.901556, 1.4053848, 1]
1037 1464106997.5496673584 0.0000000000
[0.356444, 0.92664582, -0.11947873, 0;
 -0.89629334, 0.30302083, -0.32378477, 0;
 -0.26382926, 0.22249913, 0.93855649, 0;
 -7.1999717, -37.419628, 13.056471, 1]
1051 1464106998.1083772182 0.0000000000
[0.3342112, 0.92154825, -0.19761498, 0;
 -0.91877902, 0.27181566, -0.28628895, 0;
 -0.21011424, 0.27724546, 0.93754303, 0;
 -5.9860153, -37.436638, 16.033337, 1]
1058 1464106998.3910946846 0.0000000000
[0.31930345, 0.92376179, -0.21144614, 0;
 -0.9355194, 0.27167824, -0.22581927, 0;
 -0.1511579, 0.26991683, 0.9509449, 0;
 -4.9584112, -38.016537, 16.239801, 1]
1078 1464106999.1911456585 0.0000000000
[0.3791835, 0.89463145, -0.23633556, 0;
 -0.91656047, 0.32807288, -0.22865926, 0;
 -0.12703046, 0.30331966, 0.94438362, 0;
 -7.6324644, -38.335678, 17.742115, 1]
1086 1464106999.5086452961 0.0000000000
[0.37241641, 0.89723873, -0.23721021, 0;
 -0.92385036, 0.33407709, -0.18679681, 0;
 -0.088354841, 0.28871292, 0.9533301, 0;
 -7.1553426, -39.11121, 17.58849, 1]
1098 1464106999.9886109829 0.0000000000
[0.49253654, 0.84899217, -0.19136374, 0;
 -0.86523545, 0.45402256, -0.21267611, 0;
 -0.093676895, 0.27032545, 0.95820081, 0;
 -13.05571, -39.071907, 16.157663, 1]
1104 1464107000.2284443378 0.0000000000
[0.52408946, 0.82272977, -0.22010437, 0;
 -0.84813678, 0.48069403, -0.2227045, 0;
 -0.077422775, 0.30339569, 0.94971406, 0;
 -14.618093, -38.363209, 17.574915, 1]
1110 1464107000.4687006474 0.0000000000
[0.6172331, 0.7571705, -0.21381344, 0;
 -0.78652561, 0.58689636, -0.19217217, 0;
 -0.020020757, 0.28678477, 0.95778584, 0;
 -19.047056, -37.002514, 17.181839, 1]
1117 1464107000.7494134903 0.0000000000
[0.69944412, 0.69096577, -0.18260409, 0;
 -0.71453965, 0.68128258, -0.15901925, 0;
 0.014528128, 0.24170293, 0.97024155, 0;
 -23.358835, -35.755539, 15.652642, 1]
1127 1464107001.1487820148 0.0000000000
[0.78939939, 0.61236775, -0.043061502, 0;
 -0.61013424, 0.77491295, -0.16506408, 0;
 -0.067711011, 0.15657479, 0.98534238, 0;
 -29.375998, -34.330822, 9.7402496, 1]
1129 1464107001.2287347317 0.0000000000
[0.80528522, 0.59269899, -0.014954481, 0;
 -0.58455825, 0.78950608, -0.18700747, 0;
 -0.099032491, 0.15933612, 0.98224467, 0;
 -30.656521, -33.694096, 8.7074261, 1]
1132 1464107001.3488042355 0.0000000000
[0.8366707, 0.5469054, 0.029608406, 0;
 -0.52995396, 0.82202047, -0.20840143, 0;
 -0.13831457, 0.15867227, 0.97759509, 0;
 -33.032639, -32.157204, 6.9078031, 1]
1135 1464107001.4687340260 0.0000000000
[0.82473028, 0.56524438, 0.017853219, 0;
 -0.55082142, 0.81003749, -0.20108466, 0;
 -0.12812375, 0.15600666, 0.97941118, 0;
 -32.352337, -33.037342, 7.3775654, 1]
1144 1464107001.8288195133 0.0000000000
[0.84913856, 0.52449685, 0.062183294, 0;
 -0.50970107, 0.84460849, -0.16383326, 0;
 -0.13845058, 0.10742225, 0.98452622, 0;
 -34.339676, -32.21069, 5.0068989, 1]
1160 1464107002.4688842297 0.0000000000
[0.869789, 0.45308161, 0.19540761, 0;
 -0.43235776, 0.89066517, -0.14064956, 0;
 -0.23776849, 0.037849449, 0.97058415, 0;
 -37.722351, -30.727058, -1.4808925, 1]
1167 1464107002.7489304543 0.0000000000
[0.86703777, 0.47395599, 0.15365933, 0;
 -0.45587569, 0.87909114, -0.13919792, 0;
 -0.20105425, 0.050640304, 0.97827029, 0;
 -37.538498, -31.84993, 0.51569784, 1]
1169 1464107002.8288927078 0.0000000000
[0.86541897, 0.47627819, 0.15559271, 0;
 -0.45459139, 0.87694782, -0.15591416, 0;
 -0.21070519, 0.064199969, 0.97543925, 0;
 -37.627308, -31.91674, 0.62751704, 1]
1187 1464107003.5490186214 0.0000000000
[0.85800582, 0.48907667, 0.15693937, 0;
 -0.46853068, 0.87043595, -0.15106376, 0;
 -0.21048743, 0.05608267, 0.97598654, 0;
 -38.440483, -33.615131, 0.53265053, 1]
1194 1464107003.8317434788 0.0000000000
[0.86993414, 0.4549562, 0.19034033, 0;
 -0.41953713, 0.8855893, -0.19929919, 0;
 -0.25923574, 0.093522333, 0.9612754, 0;
 -40.198524, -32.095276, -0.76410407, 1]
1202 1464107004.1490497589 0.0000000000
[0.8661325, 0.47699696, 0.14929287, 0;
 -0.4498772, 0.8741501, -0.18295377, 0;
 -0.21777278, 0.091298759, 0.97171992, 0;
 -39.901699, -33.486748, 1.231301, 1]
1206 1464107004.3103849888 0.0000000000
[0.86730707, 0.47729656, 0.14130288, 0;
 -0.44694424, 0.87167519, -0.20105517, 0;
 -0.21913317, 0.11122205, 0.96933496, 0;
 -40.351425, -33.621696, 1.8124028, 1]
1217 1464107004.7489678860 0.0000000000
[0.85309231, 0.49490032, 0.16524893, 0;
 -0.45729968, 0.86169934, -0.21988919, 0;
 -0.25121811, 0.1120175, 0.96142679, 0;
 -40.372383, -34.958656, 0.75822186, 1]
1231 1464107005.4321856499 0.0000000000
[0.85826701, 0.48902664, 0.15566224, 0;
 -0.4560031, 0.86583972, -0.20587066, 0;
 -0.2354548, 0.10570953, 0.96611929, 0;
 -41.458099, -35.667015, 1.1378807, 1]
1238 1464107005.7115495205 0.0000000000
[0.85359639, 0.49439669, 0.16414973, 0;
 -0.47091934, 0.86705697, -0.16262612, 0;
 -0.22272898, 0.061515778, 0.97293764, 0;
 -41.578934, -36.779469, 0.34636092, 1]
1250 1464107006.1892094612 0.0000000000
[0.86186302, 0.46413803, 0.20437236, 0;
 -0.43440562, 0.88360196, -0.17475516, 0;
 -0.26169431, 0.061834492, 0.96316797, 0;
 -43.691784, -35.987644, -1.8359749, 1]
1257 1464107006.4693095684 0.0000000000
[0.85480195, 0.45948824, 0.24121401, 0;
 -0.42677492, 0.88686621, -0.17700699, 0;
 -0.29525718, 0.048361838, 0.954193, 0;
 -43.934429, -36.100704, -4.053668, 1]
1262 1464107006.6692242622 0.0000000000
[0.85310626, 0.45107022, 0.26219332, 0;
 -0.42132843, 0.89201111, -0.16370262, 0;
 -0.30772075, 0.029186232, 0.95102894, 0;
 -44.28157, -36.101643, -5.5041118, 1]
1267 1464107006.8693125248 0.0000000000
[0.86194968, 0.43864685, 0.25422758, 0;
 -0.41579077, 0.89852607, -0.14060208, 0;
 -0.29010478, 0.015486448, 0.9568696, 0;
 -45.031342, -35.832226, -5.4132013, 1]
1270 1464107006.9893960953 0.0000000000
[0.85300732, 0.41606182, 0.31507313, 0;
 -0.384592, 0.90921563, -0.15942366, 0;
 -0.35279953, 0.014814943, 0.93558162, 0;
 -45.605171, -34.834419, -8.7784443, 1]
1274 1464107007.1492919922 0.0000000000
[0.84288764, 0.41440257, 0.34323597, 0;
 -0.37815243, 0.90999311, -0.17003891, 0;
 -0.38280693, 0.013528182, 0.9237293, 0;
 -45.618141, -34.999516, -10.37864, 1]
1279 1464107007.3494150639 0.0000000000
[0.84266293, 0.3978579, 0.36280602, 0;
 -0.37484023, 0.91718119, -0.13517919, 0;
 -0.38654098, -0.022083802, 0.9220078, 0;
 -46.038284, -34.659069, -12.002306, 1]
1287 1464107007.6693706512 0.0000000000
[0.83340639, 0.33067346, 0.44281927, 0;
 -0.32542935, 0.94123602, -0.090390995, 0;
 -0.44668734, -0.068773948, 0.89204293, 0;
 -47.114792, -31.874657, -17.528774, 1]
1290 1464107007.7894804478 0.0000000000
[0.82426274, 0.31189644, 0.47255847, 0;
 -0.31802127, 0.94554281, -0.069363527, 0;
 -0.4684585, -0.093109883, 0.87856543, 0;
 -47.007793, -31.175419, -19.758698, 1]
1293 1464107007.9127151966 0.0000000000
[0.82222235, 0.28889298, 0.49039909, 0;
 -0.31750989, 0.94789696, -0.02605442, 0;
 -0.47237474, -0.13428403, 0.87110841, 0;
 -47.139126, -30.322769, -21.543272, 1]
1297 1464107008.0695304871 0.0000000000
[0.7935136, 0.23686121, 0.56056488, 0;
 -0.2760832, 0.96101266, -0.015253998, 0;
 -0.54232305, -0.14265829, 0.82797003, 0;
 -46.742519, -27.641577, -26.304436, 1]
1300 1464107008.1895463467 0.0000000000
[0.7790314, 0.20879224, 0.59119868, 0;
 -0.25777435, 0.96620387, -0.001558808, 0;
 -0.57154393, -0.1511815, 0.80652446, 0;
 -46.552876, -26.251949, -28.577456, 1]
1305 1464107008.3895266056 0.0000000000
[0.76337737, 0.17986643, 0.62040555, 0;
 -0.22557326, 0.97421396, -0.0048853066, 0;
 -0.60528642, -0.13621756, 0.784266, 0;
 -46.631161, -24.729059, -30.642649, 1]
1309 1464107008.5524981022 0.0000000000
[0.76382983, 0.16085844, 0.62505084, 0;
 -0.22210637, 0.97480583, 0.020551516, 0;
 -0.60599732, -0.15452564, 0.78031349, 0;
 -46.965279, -23.853704, -31.443771, 1]
1313 1464107008.7110319138 0.0000000000
[0.74789917, 0.11015395, 0.65460896, 0;
 -0.20115213, 0.97737765, 0.06535124, 0;
 -0.6326015, -0.18055214, 0.75313765, 0;
 -46.732502, -21.170044, -34.174976, 1]
1316 1464107008.8295111656 0.0000000000
[0.74511534, 0.099961169, 0.65940189, 0;
 -0.21334586, 0.97247726, 0.09365654, 0;
 -0.63189137, -0.2104656, 0.74593401, 0;
 -46.610584, -20.855494, -34.883778, 1]
1320 1464107008.9896023273 0.0000000000
[0.69961333, 0.075934306, 0.71047533, 0;
 -0.21186957, 0.97166473, 0.10478067, 0;
 -0.68238735, -0.22383405, 0.69587773, 0;
 -44.519814, -19.585165, -38.646828, 1]
1329 1464107009.3496015072 0.0000000000
[0.58450311, -0.030699298, 0.81081051, 0;
 -0.15595217, 0.97640193, 0.14939296, 0;
 -0.79626316, -0.2137683, 0.56592232, 0;
 -39.558285, -13.199346, -47.133392, 1]
1333 1464107009.5122811794 0.0000000000
[0.55274284, -0.064411826, 0.83085889, 0;
 -0.11919705, 0.98064631, 0.15532184, 0;
 -0.82478327, -0.18488896, 0.5343675, 0;
 -38.499325, -11.059115, -48.972187, 1]
1338 1464107009.7112183571 0.0000000000
[0.51142299, -0.1038842, 0.85302675, 0;
 -0.092591338, 0.98022521, 0.17488696, 0;
 -0.85432625, -0.16842408, 0.4916909, 0;
 -36.768623, -8.5234022, -51.303047, 1]
1343 1464107009.9120931625 0.0000000000
[0.49099991, -0.13857229, 0.8600679, 0;
 -0.092924736, 0.97330427, 0.20986603, 0;
 -0.86618942, -0.18296579, 0.46501553, 0;
 -35.777554, -6.3681855, -52.783859, 1]
1348 1464107010.1124174595 0.0000000000
[0.43855476, -0.16761668, 0.88293511, 0;
 -0.095514104, 0.96819574, 0.23124455, 0;
 -0.89361441, -0.18574615, 0.40859711, 0;
 -32.811939, -4.5478454, -55.336472, 1]
1353 1464107010.3124167919 0.0000000000
[0.37207478, -0.20952357, 0.90424567, 0;
 -0.094589263, 0.96055931, 0.26149321, 0;
 -0.9233706, -0.18282695, 0.33758122, 0;
 -29.008625, -1.7514838, -58.035686, 1]
1357 1464107010.4698143005 0.0000000000
[0.3268275, -0.24182892, 0.91362059, 0;
 -0.087365545, 0.9548381, 0.28399199, 0;
 -0.94103724, -0.17263536, 0.29093984, 0;
 -26.480072, 0.51060528, -59.586926, 1]
1363 1464107010.7130720615 0.0000000000
[0.25427532, -0.25762308, 0.93218797, 0;
 -0.063852347, 0.95729357, 0.28197855, 0;
 -0.96502173, -0.13122258, 0.22696629, 0;
 -22.448652, 1.8260454, -61.70573, 1]
1368 1464107010.9120788574 0.0000000000
[0.24367134, -0.25820643, 0.93485492, 0;
 -0.079879612, 0.95529121, 0.28467166, 0;
 -0.96656275, -0.14404218, 0.21215166, 0;
 -21.599451, 1.8821256, -62.40332, 1]
1374 1464107011.1497507095 0.0000000000
[0.18130793, -0.29060808, 0.93950754, 0;
 -0.090167917, 0.94640452, 0.31014222, 0;
 -0.97928399, -0.14094467, 0.14538711, 0;
 -17.588383, 4.1906862, -63.991333, 1]
1380 1464107011.3898169994 0.0000000000
[0.10497418, -0.30703393, 0.94589144, 0;
 -0.10784852, 0.94202209, 0.31774688, 0;
 -0.98860967, -0.13536821, 0.065774843, 0;
 -12.481621, 5.406539, -65.64621, 1]
1400 1464107012.1904165745 0.0000000000
[0.035255373, -0.29692972, 0.95424831, 0;
 -0.096207865, 0.9493987, 0.29897517, 0;
 -0.99473673, -0.10234667, 0.0049044304, 0;
 -8.2838755, 5.1186132, -67.987549, 1]
1408 1464107012.5116076469 0.0000000000
[0.029469971, -0.22974662, 0.97280419, 0;
 -0.11707351, 0.96573508, 0.23162372, 0;
 -0.99268591, -0.12071554, 0.0015629412, 0;
 -7.5004992, 0.31770518, -68.929008, 1]
1415 1464107012.7919220924 0.0000000000
[0.12318695, -0.19721335, 0.97259027, 0;
 -0.086584091, 0.97418165, 0.20850265, 0;
 -0.98859912, -0.10989565, 0.10293093, 0;
 -14.152644, -1.764382, -68.351456, 1]
1423 1464107013.1122312546 0.0000000000
[0.19699046, -0.14207056, 0.97005707, 0;
 -0.013963631, 0.98893791, 0.14767139, 0;
 -0.98030597, -0.042635374, 0.19282751, 0;
 -19.990324, -5.1582289, -67.213402, 1]
1432 1464107013.4700169563 0.0000000000
[0.4519119, -0.066282228, 0.8895967, 0;
 0.010181407, 0.99755406, 0.069153816, 0;
 -0.89200449, -0.022194086, 0.45148137, 0;
 -37.054882, -10.185359, -59.381527, 1]
1440 1464107013.7900993824 0.0000000000
[0.54473794, -0.0098278169, 0.83854878, 0;
 0.0056686066, 0.99995166, 0.0080370242, 0;
 -0.83858716, 0.000375331, 0.54476726, 0;
 -42.899166, -13.899971, -54.981472, 1]
1448 1464107014.1122117043 0.0000000000
[0.6044848, -0.023112135, 0.79628134, 0;
 0.028671434, 0.99956262, 0.0072469111, 0;
 -0.79610056, 0.01844988, 0.60488307, 0;
 -47.076344, -12.795332, -52.245701, 1]
1455 1464107014.3901126385 0.0000000000
[0.62897676, -0.019718474, 0.777174, 0;
 0.086699918, 0.99522138, -0.044916566, 0;
 -0.77257448, 0.095632404, 0.62768072, 0;
 -49.453091, -12.470674, -50.580204, 1]
1460 1464107014.5901739597 0.0000000000
[0.6652981, -0.0059676208, 0.74655402, 0;
 0.079149269, 0.99489641, -0.0625818, 0;
 -0.74237043, 0.10072475, 0.66237503, 0;
 -51.724045, -13.357743, -48.352871, 1]
1465 1464107014.7905874252 0.0000000000
[0.68255025, -0.0098457439, 0.73077238, 0;
 0.082573846, 0.99454546, -0.063725397, 0;
 -0.72615892, 0.10383847, 0.67964023, 0;
 -52.898457, -13.10444, -47.548813, 1]
1469 1464107014.9511642456 0.0000000000
[0.64838916, -0.017467553, 0.76110864, 0;
 0.08039818, 0.99571741, -0.045639426, 0;
 -0.75705194, 0.090783857, 0.64701676, 0;
 -50.607468, -12.651784, -50.462158, 1]
1473 1464107015.1125345230 0.0000000000
[0.63357764, -0.038552925, 0.77271795, 0;
 0.072993554, 0.99728131, -0.010092911, 0;
 -0.77022809, 0.062798075, 0.6346693, 0;
 -49.541698, -11.267034, -52.190239, 1]
1479 1464107015.3509333134 0.0000000000
[0.60598993, -0.059993885, 0.79320675, 0;
 0.099287331, 0.99505866, -0.00059214153, 0;
 -0.78925169, 0.079114214, 0.60895211, 0;
 -48.08548, -9.6489458, -54.40358, 1]
1484 1464107015.5509421825 0.0000000000
[0.56948298, -0.091501154, 0.81689453, 0;
 0.1195501, 0.99243826, 0.027821831, 0;
 -0.81326312, 0.081815764, 0.57611567, 0;
 -45.915134, -7.3367205, -57.06271, 1]
1490 1464107015.7901916504 0.0000000000
[0.55210954, -0.12461264, 0.82440692, 0;
 0.10307585, 0.99138451, 0.080821604, 0;
 -0.82737565, 0.040354062, 0.56019735, 0;
 -44.578743, -5.0419202, -58.863461, 1]
1496 1464107016.0334527493 0.0000000000
[0.5359062, -0.15799487, 0.82936251, 0;
 0.093187675, 0.98740113, 0.12788673, 0;
 -0.83911896, 0.0087510711, 0.5438776, 0;
 -43.390736, -2.7135623, -60.41478, 1]
1502 1464107016.2703015804 0.0000000000
[0.59989709, -0.18817256, 0.77763397, 0;
 0.10794286, 0.98209769, 0.15437756, 0;
 -0.79276216, -0.0086706104, 0.60946941, 0;
 -48.211666, -0.48049927, -57.20034, 1]
1509 1464107016.5503599644 0.0000000000
[0.65773815, -0.20144922, 0.72580904, 0;
 0.1229495, 0.97936386, 0.16040516, 0;
 -0.74314463, -0.016266733, 0.66893303, 0;
 -52.651222, 0.52716923, -53.599892, 1]
1516 1464107016.8303143978 0.0000000000
[0.67533487, -0.22570522, 0.70212531, 0;
 0.16961157, 0.97403288, 0.14997281, 0;
 -0.7177428, 0.017806701, 0.69608063, 0;
 -54.732952, 2.3873248, -51.907852, 1]
1522 1464107017.0703699589 0.0000000000
[0.70884234, -0.21750371, 0.6709953, 0;
 0.18608922, 0.97523409, 0.11953752, 0;
 -0.68037736, 0.040131733, 0.73176235, 0;
 -57.501377, 1.7885201, -49.223228, 1]
1529 1464107017.3504948616 0.0000000000
[0.7090829, -0.2351107, 0.66477394, 0;
 0.20641854, 0.97068608, 0.12312578, 0;
 -0.67423499, 0.049915288, 0.73682809, 0;
 -58.024952, 3.0876768, -49.038563, 1]
1534 1464107017.5535743237 0.0000000000
[0.71281993, -0.24302292, 0.65789634, 0;
 0.19758132, 0.96963716, 0.14410195, 0;
 -0.67294079, 0.027269283, 0.7391935, 0;
 -58.332626, 3.5260868, -49.000824, 1]
1540 1464107017.7903251648 0.0000000000
[0.71411312, -0.24814615, 0.65457314, 0;
 0.22775656, 0.96654886, 0.11794166, 0;
 -0.66194367, 0.064859644, 0.74674213, 0;
 -59.058369, 3.9887488, -48.507496, 1]
1546 1464107018.0303950310 0.0000000000
[0.69767731, -0.22887826, 0.67886752, 0;
 0.20657435, 0.97161603, 0.11527955, 0;
 -0.68598354, 0.059808698, 0.72515482, 0;
 -57.821812, 2.3284023, -50.512371, 1]
1553 1464107018.3132343292 0.0000000000
[0.6706714, -0.26582447, 0.69248629, 0;
 0.20346364, 0.96369851, 0.17288056, 0;
 -0.71330386, 0.024949728, 0.70041066, 0;
 -56.096439, 4.9629345, -52.76445, 1]
1561 1464107018.6307516098 0.0000000000
[0.62487286, -0.28071985, 0.72851235, 0;
 0.21110925, 0.95911413, 0.18850185, 0;
 -0.7516427, 0.036006004, 0.65858698, 0;
 -53.178062, 6.0356436, -56.130379, 1]
1568 1464107018.9128375053 0.0000000000
[0.61480045, -0.26290721, 0.74357259, 0;
 0.22061163, 0.96249473, 0.15790613, 0;
 -0.75719935, 0.06696, 0.6497426, 0;
 -52.807751, 4.6068673, -57.038097, 1]
1576 1464107019.2306199074 0.0000000000
[0.60962379, -0.27744934, 0.74255013, 0;
 0.20280543, 0.9601599, 0.19225734, 0;
 -0.76630855, 0.033388548, 0.64160454, 0;
 -52.386284, 5.5025301, -57.848404, 1]
1584 1464107019.5506432056 0.0000000000
[0.60984331, -0.2633045, 0.74750376, 0;
 0.21775584, 0.96256477, 0.16140479, 0;
 -0.7620194, 0.064341679, 0.64434975, 0;
 -52.881161, 4.3440714, -57.948784, 1]
1591 1464107019.8332936764 0.0000000000
[0.59858298, -0.27971533, 0.75063825, 0;
 0.218009, 0.95856905, 0.18335062, 0;
 -0.77082455, 0.053895328, 0.63476354, 0;
 -52.240467, 5.5224042, -58.857288, 1]
1599 1464107020.1507456303 0.0000000000
[0.50406229, -0.34391114, 0.79224133, 0;
 0.2614755, 0.93501741, 0.23952669, 0;
 -0.82313532, 0.086415336, 0.56123132, 0;
 -46.111805, 10.841146, -63.601604, 1]
1607 1464107020.4707829952 0.0000000000
[0.46061328, -0.35638258, 0.81291258, 0;
 0.25860646, 0.93000317, 0.2611835, 0;
 -0.84909254, 0.089919858, 0.52053463, 0;
 -43.01543, 11.782248, -65.966629, 1]
1615 1464107020.7907729149 0.0000000000
[0.32336169, -0.36799088, 0.87179118, 0;
 0.2471513, 0.92215216, 0.29757622, 0;
 -0.9134295, 0.11923958, 0.38913813, 0;
 -32.540413, 12.809631, -72.0261, 1]
1622 1464107021.0708744526 0.0000000000
[0.30439514, -0.39385867, 0.86730558, 0;
 0.26243833, 0.90995044, 0.3211174, 0;
 -0.91567993, 0.12986764, 0.38034809, 0;
 -31.463543, 15.014447, -72.427528, 1]
1629 1464107021.3509287834 0.0000000000
[0.27244478, -0.39412093, 0.87774855, 0;
 0.2682997, 0.90719229, 0.3240639, 0;
 -0.92400712, 0.14721014, 0.35290235, 0;
 -29.21805, 15.065389, -73.688484, 1]
1635 1464107021.5908989906 0.0000000000
[0.22452302, -0.39009589, 0.89298075, 0;
 0.22869103, 0.91187775, 0.34085098, 0;
 -0.94725382, 0.1276878, 0.29394898, 0;
 -24.892801, 14.540213, -75.681694, 1]
1643 1464107021.9132812023 0.0000000000
[0.22905625, -0.39562911, 0.88938791, 0;
 0.23920234, 0.90854061, 0.34254378, 0;
 -0.94356531, 0.13428187, 0.3027423, 0;
 -25.527105, 14.97801, -75.778053, 1]
1651 1464107022.2310554981 0.0000000000
[0.17724894, -0.44298613, 0.87883222, 0;
 0.2233374, 0.88777971, 0.40245199, 0;
 -0.95849007, 0.12494192, 0.25629339, 0;
 -21.250288, 19.018042, -76.5774, 1]
1659 1464107022.5535283089 0.0000000000
[0.10121134, -0.38830388, 0.91595656, 0;
 0.20526557, 0.90902495, 0.36268392, 0;
 -0.97345895, 0.15130661, 0.17170905, 0;
 -14.962281, 14.330525, -79.483429, 1]
1666 1464107022.8312821388 0.0000000000
[0.061072689, -0.38321164, 0.92163926, 0;
 0.20397501, 0.9086684, 0.36430198, 0;
 -0.97706926, 0.16574249, 0.13366042, 0;
 -11.801886, 13.959747, -80.460426, 1]
1674 1464107023.1511268616 0.0000000000
[0.092277154, -0.39247292, 0.91512293, 0;
 0.19188878, 0.90882635, 0.37042323, 0;
 -0.9770689, 0.14142022, 0.15917507, 0;
 -14.125474, 14.683346, -80.387932, 1]
1680 1464107023.3919961452 0.0000000000
[0.089591615, -0.34031573, 0.93603343, 0;
 0.16907012, 0.93136954, 0.32243767, 0;
 -0.98152363, 0.12936758, 0.14098012, 0;
 -13.53861, 10.080673, -81.601067, 1]
1686 1464107023.6313018799 0.0000000000
[0.055279907, -0.33574438, 0.94032967, 0;
 0.15496168, 0.93324339, 0.3241044, 0;
 -0.98637265, 0.1277986, 0.10361712, 0;
 -10.571631, 9.7521105, -82.438332, 1]
1692 1464107023.8711664677 0.0000000000
[0.045546021, -0.32712284, 0.9438836, 0;
 0.16032568, 0.9350096, 0.31631103, 0;
 -0.98601282, 0.13692206, 0.095032156, 0;
 -9.9354715, 9.066227, -82.969734, 1]
1697 1464107024.0711803436 0.0000000000
[0.059653517, -0.33509243, 0.94029492, 0;
 0.16053244, 0.93293208, 0.32228416, 0;
 -0.98522627, 0.13172245, 0.10944588, 0;
 -11.150959, 9.7782354, -83.036751, 1]
1704 1464107024.3515601158 0.0000000000
[0.055568218, -0.34220985, 0.93797898, 0;
 0.16399311, 0.92980051, 0.32951066, 0;
 -0.98489511, 0.13551177, 0.10778742, 0;
 -10.949015, 10.482659, -83.317245, 1]
1709 1464107024.5512816906 0.0000000000
[0.028660452, -0.32855546, 0.94404972, 0;
 0.15004635, 0.93515092, 0.32090318, 0;
 -0.98826349, 0.13245398, 0.076100394, 0;
 -8.4887457, 9.2065344, -83.994682, 1]
1715 1464107024.7912824154 0.0000000000
[0.009120862, -0.33735344, 0.94133389, 0;
 0.14176647, 0.93230075, 0.33274254, 0;
 -0.98985809, 0.13041468, 0.056328792, 0;
 -6.7239194, 9.9115963, -84.34671, 1]
1721 1464107025.0316302776 0.0000000000
[0.00073317566, -0.40018952, 0.91643208, 0;
 0.17615063, 0.90215397, 0.39381361, 0;
 -0.98436296, 0.16114137, 0.071155079, 0;
 -6.7071128, 15.750254, -83.695694, 1]
1735 1464107025.5913605690 0.0000000000
[-0.049469791, -0.31377268, 0.94820857, 0;
 0.12992068, 0.93928301, 0.31759733, 0;
 -0.99028951, 0.13890336, -0.005700578, 0;
 -1.6688385, 7.6230602, -85.675865, 1]
1741 1464107025.8312540054 0.0000000000
[-0.10341347, -0.23081113, 0.96748739, 0;
 0.15765059, 0.95660293, 0.24506551, 0;
 -0.98206514, 0.17786802, -0.062538125, 0;
 2.3155019, 0.39591539, -86.268204, 1]
1747 1464107026.0713195801 0.0000000000
[-0.090950966, -0.21337034, 0.97272867, 0;
 0.15912762, 0.96111262, 0.22570091, 0;
 -0.98305964, 0.17531571, -0.053461008, 0;
 1.2489932, -1.2722976, -86.533859, 1]
1753 1464107026.3168408871 0.0000000000
[-0.10317773, -0.21323317, 0.97153795, 0;
 0.14855877, 0.96249163, 0.22702467, 0;
 -0.98350632, 0.16775437, -0.067630038, 0;
 2.5006211, -1.4477208, -86.749466, 1]
1767 1464107026.8726797104 0.0000000000
[-0.19962551, -0.17864791, 0.9634493, 0;
 0.14967899, 0.96614122, 0.21016036, 0;
 -0.96837276, 0.18616149, -0.16612658, 0;
 10.76306, -4.6434498, -86.664825, 1]
1778 1464107027.3178410530 0.0000000000
[-0.22469325, -0.19902848, 0.9538871, 0;
 0.15902703, 0.95830423, 0.23740979, 0;
 -0.96136534, 0.2050382, -0.18367359, 0;
 12.806109, -2.9160798, -86.9561, 1]
1810 1464107028.5931239128 0.0000000000
[-0.30553091, -0.17863542, 0.9352755, 0;
 0.13203679, 0.96480644, 0.22740886, 0;
 -0.94298309, 0.19297121, -0.27119175, 0;
 20.770481, -5.8229442, -86.911751, 1]
1824 1464107029.1544480324 0.0000000000
[-0.3605929, -0.18000664, 0.91518873, 0;
 0.11528091, 0.96507621, 0.23524067, 0;
 -0.92557174, 0.19032991, -0.32724831, 0;
 25.66604, -5.8648424, -86.087685, 1]
1830 1464107029.3925192356 0.0000000000
[-0.29967144, -0.20781124, 0.93113452, 0;
 0.1406319, 0.95570493, 0.25855511, 0;
 -0.9436205, 0.2084288, -0.25717258, 0;
 19.11013, -3.3225186, -88.144821, 1]
1850 1464107030.1917645931 0.0000000000
[-0.45004216, -0.29730058, 0.84206557, 0;
 0.11404241, 0.91610003, 0.38438925, 0;
 -0.88569546, 0.26902255, -0.37837875, 0;
 32.637562, 5.2721539, -84.88253, 1]
1868 1464107030.9117720127 0.0000000000
[-0.59833145, -0.3394486, 0.72579205, 0;
 0.022228803, 0.89844525, 0.43852252, 0;
 -0.80094028, 0.27851531, -0.5300225, 0;
 47.891716, 9.437995, -77.460274, 1]
1876 1464107031.2318468094 0.0000000000
[-0.7115109, -0.2866028, 0.64156926, 0;
 0.035232469, 0.89733875, 0.43993393, 0;
 -0.70179123, 0.33562183, -0.62836856, 0;
 58.104122, 5.0731068, -70.828293, 1]
1883 1464107031.5118532181 0.0000000000
[-0.73072332, -0.31219864, 0.60710412, 0;
 -0.00033427391, 0.889467, 0.45699927, 0;
 -0.68267363, 0.33373711, -0.65005869, 0;
 60.743458, 7.4924307, -68.490974, 1]
1898 1464107032.1119937897 0.0000000000
[-0.72524416, -0.3299697, 0.60426891, 0;
 0.0048886249, 0.87518036, 0.4837721, 0;
 -0.68847442, 0.35380691, -0.63310635, 0;
 60.37495, 9.5606413, -69.04332, 1]
1912 1464107032.6720812321 0.0000000000
[-0.77974755, -0.36653352, 0.50758934, 0;
 -0.040459875, 0.83852857, 0.54335332, 0;
 -0.62478536, 0.40314141, -0.66867048, 0;
 66.835396, 14.001889, -62.295139, 1]
1923 1464107033.1143910885 0.0000000000
[-0.91333741, -0.39695802, 0.090769634, 0;
 -0.29228246, 0.79428554, 0.53261757, 0;
 -0.2835238, 0.45992917, -0.84147453, 0;
 88.42556, 18.104904, -23.687828, 1]
1927 1464107033.2720944881 0.0000000000
[-0.91338658, -0.40488452, 0.042349622, 0;
 -0.31923923, 0.77693605, 0.54263866, 0;
 -0.25260893, 0.4821192, -0.83889794, 0;
 89.627174, 19.488909, -19.670616, 1]
1928 1464107033.3120632172 0.0000000000
[-0.92096913, -0.38417593, 0.064997591, 0;
 -0.29005742, 0.78737581, 0.54397243, 0;
 -0.26015866, 0.4821288, -0.83658195, 0;
 89.285667, 17.125717, -21.450846, 1]
1936 1464107033.6320014000 0.0000000000
[-0.9265095, -0.36342812, 0.097468704, 0;
 -0.25091788, 0.78978968, 0.55970752, 0;
 -0.28039321, 0.49411768, -0.82293826, 0;
 88.752174, 15.249387, -24.946461, 1]
1940 1464107033.7921500206 0.0000000000
[-0.92249233, -0.37858319, 0.075383388, 0;
 -0.27399033, 0.77973187, 0.56298089, 0;
 -0.27191395, 0.49869126, -0.82302481, 0;
 89.391083, 17.10021, -23.281374, 1]
1942 1464107033.8721833229 0.0000000000
[-0.93158323, -0.35522744, 0.077240929, 0;
 -0.25672317, 0.79329687, 0.55206275, 0;
 -0.25738284, 0.49446285, -0.83021718, 0;
 89.722908, 14.519963, -23.255346, 1]
1950 1464107034.1921219826 0.0000000000
[-0.96018177, -0.27211395, 0.063284643, 0;
 -0.17190267, 0.75401509, 0.6339643, 0;
 -0.22022811, 0.59784216, -0.77076864, 0;
 90.43148, 8.5507631, -24.478821, 1]
1957 1464107034.4722146988 0.0000000000
[-0.96968794, -0.24385759, -0.015450597, 0;
 -0.1930871, 0.7259813, 0.66005194, 0;
 -0.14974183, 0.64302772, -0.75106108, 0;
 92.202103, 6.9438329, -18.075592, 1]
1960 1464107034.5922698975 0.0000000000
[-0.97058588, -0.23308088, -0.060301695, 0;
 -0.21366295, 0.71847743, 0.66192019, 0;
 -0.11095552, 0.65533465, -0.74714482, 0;
 93.120499, 6.2053676, -14.197556, 1]
1965 1464107034.7923233509 0.0000000000
[-0.96865779, -0.19762941, -0.15048175, 0;
 -0.24732511, 0.71106875, 0.65818805, 0;
