0 1463226153.6625711918 0.0000000000
[1, -8.9555215e-06, 2.0761081e-05, 0;
 8.9555369e-06, 1, -7.400389e-07, 0;
 -2.0761074e-05, 7.4022483e-07, 1, 0;
 -6.4206102e-07, 2.2919132e-06, -5.4601214e-06, 1]
40 1463226155.5586338043 0.0000000000
[0.99050248, -0.027909724, 0.13463254, 0;
 0.020987479, 0.99839699, 0.05256407, 0;
 -0.13588376, -0.049239244, 0.9895004, 0;
 0.024726618, -0.016229644, -0.0034419727, 1]
52 1463226156.1277384758 0.0000000000
[0.94741017, -0.21788321, 0.23439477, 0;
 0.20928033, 0.97593325, 0.061286218, 0;
 -0.2421069, -0.0090089729, 0.97020775, 0;
 0.04430737, 0.009801833, -0.033808798, 1]
67 1463226156.8388977051 0.0000000000
[0.86719155, -0.2719411, 0.41716528, 0;
 0.31375065, 0.94890922, -0.033642534, 0;
 -0.38670319, 0.16006039, 0.90820777, 0;
 0.048053361, 0.17191055, -0.026968352, 1]
71 1463226157.0310325623 0.0000000000
[0.85007495, -0.24533069, 0.46603161, 0;
 0.32727247, 0.93935788, -0.1024669, 0;
 -0.4126322, 0.23962386, 0.87881458, 0;
 0.040579516, 0.24231637, -0.02837866, 1]
75 1463226157.2182111740 0.0000000000
[0.8536858, -0.25879276, 0.45193678, 0;
 0.36160848, 0.91905308, -0.1567824, 0;
 -0.37477973, 0.29726708, 0.87816423, 0;
 0.055503119, 0.29561985, -0.033741843, 1]
81 1463226157.5048778057 0.0000000000
[0.89492375, -0.27882972, 0.34837544, 0;
 0.38301992, 0.88055068, -0.27915266, 0;
 -0.22892618, 0.38325509, 0.89482307, 0;
 0.11857027, 0.32601312, -0.059679348, 1]
85 1463226157.6924514771 0.0000000000
[0.92171872, -0.22604375, 0.31518063, 0;
 0.32451928, 0.89449865, -0.3075051, 0;
 -0.21241906, 0.3857154, 0.89783174, 0;
 0.14665443, 0.32011431, -0.059269667, 1]
90 1463226157.9294941425 0.0000000000
[0.95367372, -0.19141698, 0.2320904, 0;
 0.25347176, 0.92678648, -0.27716213, 0;
 -0.1620447, 0.32315063, 0.93237072, 0;
 0.19197167, 0.27336919, -0.043552026, 1]
138 1463226160.2057099342 0.0000000000
[0.99590856, 0.041942678, 0.080043323, 0;
 -0.058056153, 0.97574991, 0.21104893, 0;
 -0.069250308, -0.21483244, 0.97419268, 0;
 -0.041840881, -0.047706671, -0.084781937, 1]
176 1463226162.0098721981 0.0000000000
[0.99819118, -0.050886001, 0.032015238, 0;
 0.054456364, 0.99092853, -0.12286249, 0;
 -0.025472829, 0.12438368, 0.99190718, 0;
 0.21768901, 0.30973879, -0.05369135, 1]
297 1463226167.7454040051 0.0000000000
[0.99298143, -0.057540283, -0.10332938, 0;
 0.053437427, 0.99768555, -0.042047448, 0;
 0.10550965, 0.03623068, 0.99375802, 0;
 0.19441855, -0.095051683, 0.31104317, 1]
306 1463226168.1744725704 0.0000000000
[0.9962554, 0.0043162024, -0.086351484, 0;
 -0.012943034, 0.99494386, -0.099595129, 0;
 0.085485011, 0.10033984, 0.99127406, 0;
 0.17648834, -0.10987449, 0.41835049, 1]
314 1463226168.5514242649 0.0000000000
[0.97742987, -0.014593334, -0.21075553, 0;
 -0.016954802, 0.98897457, -0.14711152, 0;
 0.21057871, 0.14736451, 0.96640587, 0;
 0.23053455, -0.11037728, 0.43496108, 1]
322 1463226168.9308273792 0.0000000000
[0.90893954, -0.008755804, -0.41683596, 0;
 -0.05381868, 0.98895097, -0.13812864, 0;
 0.41343978, 0.14798415, 0.8984254, 0;
 0.39567745, -0.13730954, 0.30992746, 1]
330 1463226169.3102087975 0.0000000000
[0.89340621, -0.12458562, -0.43162924, 0;
 0.065679364, 0.98667639, -0.14884844, 0;
 0.44442278, 0.10463299, 0.88968551, 0;
 0.4593406, -0.18241332, 0.21459685, 1]
337 1463226169.6422116756 0.0000000000
[0.88955599, -0.10556737, -0.44446105, 0;
 0.055848185, 0.99076575, -0.1235484, 0;
 0.45339948, 0.085080877, 0.88723737, 0;
 0.5158509, -0.17652665, 0.1301039, 1]
344 1463226169.9740750790 0.0000000000
[0.89419746, -0.077575132, -0.44090021, 0;
 0.042661458, 0.99515575, -0.088572353, 0;
 0.44563538, 0.060391732, 0.89317518, 0;
 0.56952238, -0.14775094, 0.028196279, 1]
359 1463226170.6854448318 0.0000000000
[0.86278582, -0.011073492, -0.50544834, 0;
 -0.015084395, 0.99875116, -0.047629524, 0;
 0.50534457, 0.048718456, 0.86154127, 0;
 0.67697948, -0.053231958, -0.18578652, 1]
365 1463226170.9698033333 0.0000000000
[0.86443883, 0.05030087, -0.50021529, 0;
 -0.086417735, 0.99503934, -0.049281772, 0;
 0.49525499, 0.08582855, 0.86449754, 0;
 0.74434829, 0.018079123, -0.25515279, 1]
371 1463226171.2548654079 0.0000000000
[0.88453978, -0.0099006603, -0.46635965, 0;
 -0.040260922, 0.99442339, -0.097473778, 0;
 0.464724, 0.1049955, 0.87920845, 0;
 0.8138957, 0.0028481912, -0.28270891, 1]
377 1463226171.5389013290 0.0000000000
[0.80978316, 0.017698392, -0.58646226, 0;
 -0.022684135, 0.99974203, -0.0011516593, 0;
 0.5862906, 0.014235984, 0.80997574, 0;
 0.83628255, 0.02715629, -0.44741586, 1]
383 1463226171.8233449459 0.0000000000
[0.78984433, 0.001488998, -0.61330557, 0;
 -0.002848529, 0.99999517, -0.00124066, 0;
 0.61330074, 0.002726947, 0.78984475, 0;
 0.89474416, 0.034515589, -0.54505324, 1]
389 1463226172.1078577042 0.0000000000
[0.73387879, 0.073890999, -0.67524958, 0;
 -0.085748881, 0.9961912, 0.015816784, 0;
 0.67384642, 0.046294294, 0.73741972, 0;
 0.91105402, 0.16027682, -0.69404221, 1]
394 1463226172.3451280594 0.0000000000
[0.65776569, 0.17931116, -0.73156804, 0;
 -0.20883843, 0.97658807, 0.051596541, 0;
 0.72369248, 0.11884109, 0.67981321, 0;
 0.86775863, 0.32801124, -0.82225859, 1]
400 1463226172.6302239895 0.0000000000
[0.58357173, 0.20605908, -0.78548312, 0;
 -0.23007497, 0.96959066, 0.083423443, 0;
 0.77878726, 0.13203645, 0.6132347, 0;
 0.83033001, 0.41702834, -0.97833687, 1]
408 1463226173.0087921619 0.0000000000
[0.65096104, 0.2271187, -0.72433889, 0;
 -0.27604771, 0.95969087, 0.052830853, 0;
 0.70714027, 0.16556124, 0.68741697, 0;
 0.97482461, 0.556306, -1.0115646, 1]
412 1463226173.1988093853 0.0000000000
[0.66464025, 0.15305825, -0.73131835, 0;
 -0.27113283, 0.96148086, -0.045183081, 0;
 0.69623297, 0.22831491, 0.680538, 0;
 1.0274543, 0.50926894, -1.0988184, 1]
419 1463226173.5310301781 0.0000000000
[0.68900603, 0.077455461, -0.72060484, 0;
 -0.29427025, 0.93852508, -0.18048738, 0;
 0.66232598, 0.33640945, 0.6694423, 0;
 1.0973594, 0.47762874, -1.231303, 1]
425 1463226173.8150439262 0.0000000000
[0.7087788, -0.040137053, -0.70428801, 0;
 -0.21892922, 0.93656737, -0.27369973, 0;
 0.67059869, 0.34818178, 0.65503192, 0;
 1.1950893, 0.36136174, -1.3460504, 1]
431 1463226174.1017546654 0.0000000000
[0.70448589, -0.085015751, -0.70460767, 0;
 -0.22556527, 0.91450179, -0.33586723, 0;
 0.67291898, 0.39554873, 0.62507701, 0;
 1.2264937, 0.33219358, -1.4709185, 1]
441 1463226174.5753576756 0.0000000000
[0.69596237, -0.12669516, -0.7068131, 0;
 -0.20398492, 0.90887982, -0.36376873, 0;
 0.68849587, 0.39734852, 0.60670221, 0;
 1.3278394, 0.33614963, -1.6669108, 1]
450 1463226175.0005354881 0.0000000000
[0.68653429, -0.20460503, -0.69771588, 0;
 -0.18101186, 0.88128382, -0.43654725, 0;
 0.70420551, 0.42599952, 0.56799561, 0;
 1.3973699, 0.23190749, -1.8588428, 1]
458 1463226175.3799281120 0.0000000000
[0.673751, -0.26377165, -0.69027829, 0;
 -0.20455992, 0.83104438, -0.51722383, 0;
 0.71008086, 0.48968333, 0.50595987, 0;
 1.4158555, 0.089166142, -2.0607927, 1]
465 1463226175.7117400169 0.0000000000
[0.64337993, -0.29322547, -0.70716411, 0;
 -0.22071281, 0.81346506, -0.53810823, 0;
 0.73304033, 0.50228822, 0.45864847, 0;
 1.3735245, 0.028983563, -2.261199, 1]
473 1463226176.0916187763 0.0000000000
[0.65298665, -0.38765693, -0.65063858, 0;
 -0.19261774, 0.74582678, -0.63768393, 0;
 0.73246628, 0.54172361, 0.41234535, 0;
 1.4754571, -0.27116114, -2.3617663, 1]
479 1463226176.3761370182 0.0000000000
[0.66770071, -0.43454817, -0.60443664, 0;
 -0.16544133, 0.70502114, -0.68961895, 0;
 0.72581327, 0.56045789, 0.39885092, 0;
 1.5726808, -0.44472849, -2.4026721, 1]
488 1463226176.8024630547 0.0000000000
[0.63805735, -0.47902921, -0.6028381, 0;
 -0.1556477, 0.68651462, -0.71026152, 0;
 0.75409323, 0.54701799, 0.36347592, 0;
 1.530975, -0.65754974, -2.5859699, 1]
494 1463226177.0869145393 0.0000000000
[0.60259032, -0.46729952, -0.64692819, 0;
 -0.20162074, 0.69519448, -0.68996644, 0;
 0.7721619, 0.54620123, 0.32470018, 0;
 1.390478, -0.66348696, -2.8151603, 1]
502 1463226177.4662995338 0.0000000000
[0.53669864, -0.42905062, -0.7265467, 0;
 -0.25788337, 0.73645741, -0.6254012, 0;
 0.80339944, 0.52301627, 0.28461069, 0;
 1.1660523, -0.58343536, -3.1328306, 1]
509 1463226177.8005752563 0.0000000000
[0.47908202, -0.35953736, -0.80075794, 0;
 -0.30391783, 0.78789353, -0.53559095, 0;
 0.82347703, 0.49995661, 0.26819581, 0;
 0.97012502, -0.37318522, -3.4240446, 1]
517 1463226178.1776859760 0.0000000000
[0.40074688, -0.27220219, -0.8748188, 0;
 -0.33543819, 0.84495533, -0.41657141, 0;
 0.85257441, 0.46038732, 0.24730618, 0;
 0.68241918, -0.086611822, -3.7026758, 1]
524 1463226178.5094723701 0.0000000000
[0.34549427, -0.22634059, -0.910716, 0;
 -0.37325659, 0.85726213, -0.35465637, 0;
 0.86099547, 0.46246251, 0.21169604, 0;
 0.45164552, 0.041102778, -3.9064925, 1]
530 1463226178.7940063477 0.0000000000
[0.32362604, -0.11004078, -0.93976444, 0;
 -0.41716519, 0.87487555, -0.24610157, 0;
 0.84925812, 0.47168189, 0.23722734, 0;
 0.3291378, 0.43343771, -4.0231619, 1]
537 1463226179.1259005070 0.0000000000
[0.28286088, -0.0057721888, -0.95914358, 0;
 -0.4760288, 0.86729223, -0.145605, 0;
 0.83269823, 0.49776593, 0.2425753, 0;
 0.14357565, 0.75874668, -4.1496649, 1]
545 1463226179.5052742958 0.0000000000
[0.1983096, 0.088534087, -0.97613269, 0;
 -0.54415852, 0.83827192, -0.034520127, 0;
 0.81520844, 0.53801662, 0.21441396, 0;
 -0.24642622, 1.0566432, -4.2477255, 1]
553 1463226179.8851165771 0.0000000000
[0.042350873, 0.12704839, -0.99099201, 0;
 -0.61529535, 0.78478569, 0.074316911, 0;
 0.78715819, 0.60660541, 0.11140864, 0;
 -0.96779639, 1.1029719, -4.299397, 1]
559 1463226180.1719076633 0.0000000000
[-0.093069904, 0.17760083, -0.97969174, 0;
 -0.64992142, 0.73458326, 0.19490899, 0;
 0.75428116, 0.65486282, 0.047058992, 0;
 -1.5814559, 1.2334102, -4.1881952, 1]
568 1463226180.5959007740 0.0000000000
[-0.2241925, 0.21858524, -0.94971478, 0;
 -0.67131245, 0.67179817, 0.31309229, 0;
 0.70645404, 0.70774829, -0.0038731222, 0;
 -2.1880102, 1.3283392, -4.0851045, 1]
574 1463226180.8805747032 0.0000000000
[-0.34377235, 0.22649443, -0.91132915, 0;
 -0.65805906, 0.63422203, 0.40585804, 0;
 0.6699096, 0.73923117, -0.068981282, 0;
 -2.7420869, 1.3243524, -3.8668115, 1]
578 1463226181.0700869560 0.0000000000
[-0.41100293, 0.24837135, -0.87714779, 0;
 -0.63897622, 0.60777962, 0.47150108, 0;
 0.65021992, 0.75426495, -0.091095813, 0;
 -3.0603726, 1.3962094, -3.6895318, 1]
585 1463226181.4022157192 0.0000000000
[-0.55341989, 0.21434572, -0.80484927, 0;
 -0.63133031, 0.52234507, 0.57321692, 0;
 0.54327565, 0.82535541, -0.15375322, 0;
 -3.7489793, 1.1204113, -3.277344, 1]
589 1463226181.5917162895 0.0000000000
[-0.58848023, 0.21376866, -0.77973968, 0;
 -0.61486673, 0.5079121, 0.60329443, 0;
 0.52500468, 0.83446288, -0.167457, 0;
 -3.9344437, 1.1161633, -3.159837, 1]
593 1463226181.7826035023 0.0000000000
[-0.58992946, 0.18455169, -0.78608137, 0;
 -0.61119366, 0.534127, 0.58408099, 0;
 0.52766043, 0.82501453, -0.20230044, 0;
 -3.9831343, 1.0396807, -3.260504, 1]
598 1463226182.0185840130 0.0000000000
[-0.574063, 0.12184968, -0.80969399, 0;
 -0.6295166, 0.56666911, 0.53159666, 0;
 0.52360344, 0.81488574, -0.24859737, 0;
 -3.9829638, 0.82638675, -3.5039685, 1]
602 1463226182.2090709209 0.0000000000
[-0.5493539, 0.07849668, -0.83189458, 0;
 -0.63506752, 0.60779935, 0.47672755, 0;
 0.54304653, 0.79020137, -0.28404626, 0;
 -3.9193265, 0.71572143, -3.731477, 1]
606 1463226182.3998913765 0.0000000000
[-0.50864726, 0.059851635, -0.85889214, 0;
 -0.64107049, 0.63958299, 0.42421952, 0;
 0.57472306, 0.76638854, -0.28695303, 0;
 -3.7666728, 0.71027428, -4.0070834, 1]
611 1463226182.6365449429 0.0000000000
[-0.47095767, 0.013342622, -0.88205492, 0;
 -0.63066667, 0.69403857, 0.34723189, 0;
 0.61681312, 0.71981418, -0.31844807, 0;
 -3.6155515, 0.61221397, -4.3125381, 1]
617 1463226182.9195737839 0.0000000000
[-0.46304786, -0.034370143, -0.88566661, 0;
 -0.60997802, 0.73732907, 0.29029763, 0;
 0.64305013, 0.67465883, -0.36238366, 0;
 -3.5917614, 0.50486743, -4.500453, 1]
622 1463226183.1566474438 0.0000000000
[-0.44879663, -0.063928545, -0.89134431, 0;
 -0.6000374, 0.76070195, 0.24756336, 0;
 0.66222101, 0.64594555, -0.37976, 0;
 -3.5124757, 0.42827299, -4.6893835, 1]
628 1463226183.4414370060 0.0000000000
[-0.38959253, -0.10774628, -0.91466302, 0;
 -0.57197601, 0.80669791, 0.14859995, 0;
 0.72184563, 0.58105874, -0.37591177, 0;
 -3.1450231, 0.32701835, -5.1005745, 1]
635 1463226183.7733969688 0.0000000000
[-0.37864912, -0.2002286, -0.90362233, 0;
 -0.52567029, 0.85008979, 0.03190745, 0;
 0.76177138, 0.48708913, -0.42713997, 0;
 -3.0177853, -0.061655764, -5.3528829, 1]
640 1463226184.0100722313 0.0000000000
[-0.39162496, -0.26565495, -0.88094115, 0;
 -0.4918063, 0.8696121, -0.04360465, 0;
 0.77766091, 0.41617575, -0.47121257, 0;
 -3.04164, -0.39090583, -5.4513288, 1]
645 1463226184.2472667694 0.0000000000
[-0.41155636, -0.31283358, -0.85601199, 0;
 -0.45182875, 0.88572943, -0.10646217, 0;
 0.79149991, 0.34295565, -0.50587475, 0;
 -3.1031442, -0.6404292, -5.5135822, 1]
651 1463226184.5343594551 0.0000000000
[-0.45466357, -0.35216185, -0.81808501, 0;
 -0.43313244, 0.89000988, -0.14240327, 0;
 0.77825272, 0.28959355, -0.5571878, 0;
 -3.3356948, -0.86877865, -5.4859133, 1]
681 1463226185.9568247795 0.0000000000
[-0.53560686, -0.50320005, -0.67817032, 0;
 -0.43741623, 0.85226113, -0.28691122, 0;
 0.72235197, 0.14297108, -0.67658478, 0;
 -3.8866723, -2.0559783, -5.3436747, 1]
710 1463226187.3296022415 0.0000000000
[-0.66647786, -0.21628906, -0.7134608, 0;
 -0.51139402, 0.82898498, 0.22640687, 0;
 0.54247892, 0.51575476, -0.66310906, 0;
 -4.7763228, 0.17894199, -5.0913596, 1]
715 1463226187.5665366650 0.0000000000
[-0.67894012, -0.17575519, -0.7128467, 0;
 -0.52614212, 0.79365098, 0.30543837, 0;
 0.51206911, 0.58243304, -0.63131368, 0;
 -4.8942943, 0.47350326, -4.9720411, 1]
719 1463226187.7564432621 0.0000000000
[-0.69631737, -0.16050179, -0.6995579, 0;
 -0.54887342, 0.74711025, 0.374919, 0;
 0.46247172, 0.64503133, -0.60832101, 0;
 -5.0780396, 0.59446019, -4.807056, 1]
724 1463226187.9933850765 0.0000000000
[-0.72880149, -0.14472423, -0.66925579, 0;
 -0.55229723, 0.70199597, 0.44963256, 0;
 0.40474215, 0.697321, -0.59154648, 0;
 -5.3811402, 0.5872305, -4.6928797, 1]
736 1463226188.5667529106 0.0000000000
[-0.79901969, -0.1924113, -0.56968886, 0;
 -0.56026059, 0.58225578, 0.5891403, 0;
 0.2183474, 0.78990889, -0.57303435, 0;
 -6.10287, 0.1674275, -4.0332117, 1]
742 1463226188.8470020294 0.0000000000
[-0.83568609, -0.26367426, -0.48177239, 0;
 -0.54109997, 0.54546064, 0.64006525, 0;
 0.094019167, 0.79558063, -0.598508, 0;
 -6.4749789, -0.35552445, -3.5103476, 1]
748 1463226189.1345794201 0.0000000000
[-0.8668713, -0.31710061, -0.38468343, 0;
 -0.497951, 0.51350468, 0.69882596, 0;
 -0.024061397, 0.7973457, -0.60304308, 0;
 -6.7989554, -0.73425382, -2.8683796, 1]
755 1463226189.4632508755 0.0000000000
[-0.8798933, -0.38930419, -0.27245197, 0;
 -0.45351639, 0.5169158, 0.72603095, 0;
 -0.14181216, 0.76239115, -0.63138658, 0;
 -7.0125055, -1.2609227, -2.2012937, 1]
760 1463226189.7017745972 0.0000000000
[-0.87953782, -0.45422164, -0.14175996, 0;
 -0.39169332, 0.52198732, 0.75769758, 0;
 -0.27016574, 0.72195011, -0.63702315, 0;
 -7.1364088, -1.7433949, -1.3053231, 1]
766 1463226189.9873328209 0.0000000000
[-0.86258525, -0.50454974, -0.037098493, 0;
 -0.33779356, 0.51980162, 0.78466666, 0;
 -0.37661949, 0.68937349, -0.61880684, 0;
 -7.1034851, -2.1109664, -0.57159901, 1]
772 1463226190.2696135044 0.0000000000
[-0.84675294, -0.52934909, 0.052905802, 0;
 -0.29498708, 0.54995811, 0.78136337, 0;
 -0.44270995, 0.64601517, -0.62182981, 0;
 -6.9938984, -2.2639208, -0.030382497, 1]
779 1463226190.6014180183 0.0000000000
[-0.81819284, -0.54704148, 0.17693517, 0;
 -0.20820494, 0.56876963, 0.79570836, 0;
 -0.53592086, 0.61420411, -0.57925999, 0;
 -6.7947617, -2.3422613, 0.82747799, 1]
783 1463226190.7911291122 0.0000000000
[-0.77663004, -0.58704799, 0.22851774, 0;
 -0.16821755, 0.5428372, 0.8228187, 0;
 -0.60708201, 0.60058504, -0.5203355, 0;
 -6.5474887, -2.6344678, 1.2453197, 1]
788 1463226191.0281329155 0.0000000000
[-0.71987867, -0.61644447, 0.3190155, 0;
 -0.10803855, 0.55352348, 0.82579625, 0;
 -0.6856401, 0.56000715, -0.4650695, 0;
 -6.1965866, -2.8391159, 1.8837386, 1]
792 1463226191.2177014351 0.0000000000
[-0.67231745, -0.6415652, 0.36930114, 0;
 -0.069901168, 0.55167007, 0.83112812, 0;
 -0.73695529, 0.53296733, -0.41574356, 0;
 -5.9041219, -3.011409, 2.2640827, 1]
796 1463226191.4093530178 0.0000000000
[-0.61644065, -0.66684401, 0.41871226, 0;
 -0.04334484, 0.55969667, 0.82756323, 0;
 -0.78620744, 0.49199459, -0.37392405, 0;
 -5.5687404, -3.2053747, 2.6129055, 1]
801 1463226191.6480557919 0.0000000000
[-0.57953149, -0.67238891, 0.4604741, 0;
 -0.032253467, 0.58351499, 0.81146163, 0;
 -0.81431133, 0.4554157, -0.35985216, 0;
 -5.3263144, -3.2358294, 2.8132741, 1]
804 1463226191.7869656086 0.0000000000
[-0.55502051, -0.6670754, 0.49695337, 0;
 -0.017415641, 0.60660458, 0.79481292, 0;
 -0.83165431, 0.43248272, -0.34829554, 0;
 -5.1666303, -3.1805882, 3.0127854, 1]
808 1463226191.9764924049 0.0000000000
[-0.51616865, -0.64309567, 0.56568348, 0;
 0.019467188, 0.65148979, 0.75840759, 0;
 -0.85626566, 0.40247849, -0.32375938, 0;
 -4.9098816, -2.9908636, 3.4178441, 1]
811 1463226192.1214523315 0.0000000000
[-0.47670266, -0.63489449, 0.60799968, 0;
 0.052143671, 0.67000353, 0.74052435, 0;
 -0.87751675, 0.38471326, -0.28628674, 0;
 -4.658051, -2.9219038, 3.6972177, 1]
815 1463226192.3089497089 0.0000000000
[-0.4235673, -0.61964643, 0.66077912, 0;
 0.078322984, 0.70166284, 0.70819116, 0;
 -0.90247232, 0.35172081, -0.24866888, 0;
 -4.3360405, -2.8163686, 4.0026259, 1]
819 1463226192.5008366108 0.0000000000
[-0.34957954, -0.58966005, 0.72807634, 0;
 0.11053027, 0.74572396, 0.65702271, 0;
 -0.93036401, 0.3101562, -0.19551456, 0;
 -3.9032991, -2.6203747, 4.4157915, 1]
823 1463226192.6879875660 0.0000000000
[-0.29667792, -0.56438863, 0.77035552, 0;
 0.14278159, 0.77139175, 0.62013561, 0;
 -0.94424343, 0.29397312, -0.14827059, 0;
 -3.5810199, -2.4188325, 4.6724291, 1]
827 1463226192.8775568008 0.0000000000
[-0.25403783, -0.5387404, 0.80325812, 0;
 0.15118136, 0.79817683, 0.5831449, 0;
 -0.9553057, 0.26957852, -0.12131959, 0;
 -3.3305533, -2.2455769, 4.8220654, 1]
832 1463226193.1145942211 0.0000000000
[-0.24201624, -0.508268, 0.82649368, 0;
 0.1833031, 0.81252652, 0.55335397, 0;
 -0.95280015, 0.28541949, -0.10347752, 0;
 -3.2232313, -1.9561975, 4.8627367, 1]
836 1463226193.3081755638 0.0000000000
[-0.22606035, -0.46182561, 0.85767931, 0;
 0.21171518, 0.83613122, 0.50602502, 0;
 -0.95082772, 0.29597592, -0.091240622, 0;
 -3.0989718, -1.592639, 4.948761, 1]
845 1463226193.7313487530 0.0000000000
[-0.19266959, -0.31470832, 0.9294284, 0;
 0.26145718, 0.89646894, 0.35774794, 0;
 -0.94578993, 0.31193289, -0.090439543, 0;
 -2.8965378, -0.59399223, 5.0698056, 1]
850 1463226193.9681656361 0.0000000000
[-0.17658757, -0.26054108, 0.94917607, 0;
 0.27932948, 0.91141862, 0.30214426, 0;
 -0.94381773, 0.31848776, -0.08816839, 0;
 -2.8400476, -0.22771634, 5.0369439, 1]
855 1463226194.2055468559 0.0000000000
[-0.17629476, -0.20556337, 0.96263379, 0;
 0.30717745, 0.91762376, 0.25220764, 0;
 -0.93518031, 0.34016231, -0.098627821, 0;
 -2.8540335, 0.1543543, 4.943265, 1]
868 1463226194.8221578598 0.0000000000
[-0.22190174, -0.11325857, 0.96846896, 0;
 0.32128435, 0.92927223, 0.18228939, 0;
 -0.92061716, 0.35160425, -0.16981892, 0;
 -3.2593493, 0.68096113, 4.4771147, 1]
874 1463226195.1062321663 0.0000000000
[-0.27570218, -0.083230115, 0.95763308, 0;
 0.33593142, 0.92508382, 0.17711571, 0;
 -0.9006322, 0.37053022, -0.227088, 0;
 -3.6511097, 0.84824806, 4.1841025, 1]
880 1463226195.3908424377 0.0000000000
[-0.31669059, -0.086923949, 0.94453764, 0;
 0.30427644, 0.93385577, 0.18796067, 0;
 -0.89840019, 0.34692591, -0.26929444, 0;
 -4.0632215, 0.74685699, 3.9443314, 1]
886 1463226195.6752455235 0.0000000000
[-0.3724418, -0.16240035, 0.91373587, 0;
 0.27083826, 0.92269099, 0.27438655, 0;
 -0.88765633, 0.34966767, -0.29966447, 0;
 -4.5215855, 0.32667145, 3.6461575, 1]
893 1463226196.0077104568 0.0000000000
[-0.38073733, -0.22128271, 0.8978157, 0;
 0.20610078, 0.92621112, 0.31568256, 0;
 -0.90142196, 0.30523264, -0.30703658, 0;
 -4.8604169, -0.17589137, 3.4520228, 1]
900 1463226196.3391995430 0.0000000000
[-0.4224546, -0.25924996, 0.86851686, 0;
 0.20363943, 0.90657622, 0.36966267, 0;
 -0.88321179, 0.33302999, -0.33019379, 0;
 -5.2811909, -0.3341454, 3.153312, 1]
906 1463226196.6264970303 0.0000000000
[-0.41455495, -0.29617316, 0.86047989, 0;
 0.17306067, 0.90264368, 0.39406148, 0;
 -0.89341712, 0.31227535, -0.32293949, 0;
 -5.5134091, -0.65638894, 3.092135, 1]
911 1463226196.8643755913 0.0000000000
[-0.43909416, -0.31113076, 0.84284872, 0;
 0.18631597, 0.88619632, 0.42419618, 0;
 -0.87890995, 0.34329826, -0.331155, 0;
 -5.7896185, -0.65004945, 2.9213314, 1]
918 1463226197.1927428246 0.0000000000
[-0.48842925, -0.34528279, 0.80138421, 0;
 0.12040669, 0.8829298, 0.45380306, 0;
 -0.86425638, 0.31814271, -0.38967437, 0;
 -6.2537036, -1.011752, 2.3686671, 1]
927 1463226197.6194067001 0.0000000000
[-0.51178706, -0.32948369, 0.79341948, 0;
 0.12047123, 0.88688523, 0.44600597, 0;
 -0.85062367, 0.32384431, -0.41420308, 0;
 -6.6873713, -0.99007577, 2.1195948, 1]
933 1463226197.9041023254 0.0000000000
[-0.50450325, -0.32408381, 0.80027878, 0;
 0.12330597, 0.89033693, 0.43828732, 0;
 -0.8545596, 0.31979653, -0.4092164, 0;
 -6.9070106, -1.0172391, 2.1381056, 1]
942 1463226198.3316228390 0.0000000000
[-0.54352063, -0.34650552, 0.76453859, 0;
 0.084797092, 0.88349462, 0.46070239, 0;
 -0.83510166, 0.31523192, -0.4508149, 0;
 -7.3484864, -1.2517196, 1.5970595, 1]
950 1463226198.7100460529 0.0000000000
[-0.5563609, -0.3292014, 0.76294756, 0;
 0.10235124, 0.88403118, 0.45608449, 0;
 -0.82461309, 0.33183619, -0.45814624, 0;
 -7.6722531, -1.1059369, 1.4469024, 1]
957 1463226199.0420486927 0.0000000000
[-0.57139903, -0.33009514, 0.75135899, 0;
 0.12514062, 0.86978823, 0.47729263, 0;
 -0.81107521, 0.36675009, -0.45568785, 0;
 -7.9806299, -0.94225955, 1.2920711, 1]
964 1463226199.3740346432 0.0000000000
[-0.57888061, -0.36936906, 0.72695512, 0;
 0.094978027, 0.85490662, 0.51001358, 0;
 -0.80986196, 0.36428174, -0.45980692, 0;
 -8.2089558, -1.2110347, 0.98699141, 1]
974 1463226199.8483116627 0.0000000000
[-0.60070831, -0.36125615, 0.71319246, 0;
 0.08700192, 0.85724574, 0.50750405, 0;
 -0.79472017, 0.36691102, -0.48352468, 0;
 -8.5523729, -1.1898016, 0.61646992, 1]
981 1463226200.1800253391 0.0000000000
[-0.58402795, -0.37174395, 0.7216078, 0;
 0.092935652, 0.85250378, 0.51439315, 0;
 -0.80639589, 0.36748305, -0.46333772, 0;
 -8.762949, -1.2842036, 0.70779705, 1]
986 1463226200.4172196388 0.0000000000
[-0.58710909, -0.35289854, 0.72853655, 0;
 0.11436569, 0.85478842, 0.50621855, 0;
 -0.80138838, 0.38052511, -0.46149459, 0;
 -8.939949, -1.0940433, 0.73803949, 1]
992 1463226200.7016975880 0.0000000000
[-0.61230224, -0.36697197, 0.70029819, 0;
 0.10640897, 0.83944452, 0.5329259, 0;
 -0.78343034, 0.40082973, -0.47494465, 0;
 -9.1654081, -1.08103, 0.3658466, 1]
1000 1463226201.0811359882 0.0000000000
[-0.64475816, -0.3519628, 0.67853451, 0;
 0.10501003, 0.83848375, 0.53471291, 0;
 -0.75713921, 0.41601348, -0.50365961, 0;
 -9.4509859, -0.89039141, -0.050271161, 1]
1003 1463226201.2265875340 0.0000000000
[-0.65977746, -0.34892425, 0.66554159, 0;
 0.099999681, 0.83701897, 0.5379585, 0;
 -0.74477768, 0.42148682, -0.51735389, 0;
 -9.5489502, -0.84808028, -0.25625148, 1]
1007 1463226201.4134774208 0.0000000000
[-0.68081141, -0.34089673, 0.64829409, 0;
 0.094528884, 0.83679825, 0.53928936, 0;
 -0.72633338, 0.42843688, -0.5374772, 0;
 -9.6835403, -0.77507448, -0.53673846, 1]
1010 1463226201.5552492142 0.0000000000
[-0.66152233, -0.35451564, 0.66083801, 0;
 0.083565235, 0.84086955, 0.53474784, 0;
 -0.74525505, 0.40897071, -0.52662879, 0;
 -9.7694683, -1.0133271, -0.38570857, 1]
1013 1463226201.6979706287 0.0000000000
[-0.6722104, -0.36175641, 0.64596087, 0;
 0.075833134, 0.83426356, 0.54612601, 0;
 -0.73646623, 0.41609681, -0.53336751, 0;
 -9.8580685, -1.0041869, -0.56705254, 1]
1017 1463226201.8871741295 0.0000000000
[-0.6893273, -0.34600967, 0.63647872, 0;
 0.089834273, 0.83096099, 0.54902971, 0;
 -0.7188586, 0.43563879, -0.54172057, 0;
 -9.9916229, -0.76895773, -0.72260433, 1]
1021 1463226202.0801317692 0.0000000000
[-0.7076022, -0.32837555, 0.62567455, 0;
 0.082203396, 0.84119093, 0.53445333, 0;
 -0.70181316, 0.42961293, -0.56823498, 0;
 -10.10111, -0.73832858, -0.99703074, 1]
1030 1463226202.5039052963 0.0000000000
[-0.73990494, -0.34082916, 0.57997942, 0;
 0.049507953, 0.83222532, 0.55222279, 0;
 -0.67088717, 0.43730596, -0.59889388, 0;
 -10.337081, -0.77200073, -1.6494755, 1]
1035 1463226202.7416257858 0.0000000000
[-0.75654894, -0.3539938, 0.54983819, 0;
 0.011482544, 0.83349133, 0.55241323, 0;
 -0.65383625, 0.42424119, -0.62651223, 0;
 -10.42807, -1.0016017, -2.1144209, 1]
1040 1463226202.9777932167 0.0000000000
[-0.77236503, -0.35834762, 0.52444184, 0;
 -0.0081736129, 0.83119887, 0.55591512, 0;
 -0.63512629, 0.4250828, -0.64491796, 0;
 -10.52808, -1.0344864, -2.4765244, 1]
1045 1463226203.2149250507 0.0000000000
[-0.79265237, -0.36322007, 0.48966667, 0;
 -0.013745707, 0.81360441, 0.58125633, 0;
 -0.60951895, 0.45400339, -0.64989817, 0;
 -10.619536, -0.82965225, -2.8644724, 1]
1050 1463226203.4521639347 0.0000000000
[-0.81317127, -0.36434773, 0.45387578, 0;
 -0.021788111, 0.79833204, 0.60182327, 0;
 -0.58161652, 0.4794963, -0.6571191, 0;
 -10.683693, -0.6508702, -3.3065379, 1]
1055 1463226203.6891467571 0.0000000000
[-0.83939606, -0.37507585, 0.39336032, 0;
 -0.040916435, 0.76528007, 0.64239573, 0;
 -0.54197794, 0.52312952, -0.65771985, 0;
 -10.678097, -0.32310808, -3.9269907, 1]
1059 1463226203.8788278103 0.0000000000
[-0.86827749, -0.35927519, 0.34207535, 0;
 -0.049367752, 0.74871433, 0.66105193, 0;
 -0.49361628, 0.55708903, -0.66782838, 0;
 -10.611688, 0.096271686, -4.4917822, 1]
1064 1463226204.1177649498 0.0000000000
[-0.8924976, -0.35541877, 0.27771488, 0;
 -0.073143743, 0.72159874, 0.68843681, 0;
 -0.44508207, 0.59411508, -0.67002183, 0;
 -10.504217, 0.46941498, -5.1365275, 1]
1068 1463226204.3056218624 0.0000000000
[-0.91116375, -0.35473168, 0.20963308, 0;
 -0.10308514, 0.68883198, 0.71755415, 0;
 -0.39894116, 0.63219929, -0.66420633, 0;
 -10.320009, 0.8668291, -5.7313061, 1]
1072 1463226204.4952919483 0.0000000000
[-0.92052126, -0.36354432, 0.14309481, 0;
 -0.14320579, 0.65473348, 0.74216992, 0;
 -0.36350062, 0.66269118, -0.65475774, 0;
 -10.113018, 1.1309829, -6.2820687, 1]
1076 1463226204.6866796017 0.0000000000
[-0.93963802, -0.33710697, 0.058645077, 0;
 -0.18163058, 0.63664967, 0.74945819, 0;
 -0.28998393, 0.69356769, -0.65944916, 0;
 -9.6576633, 1.6397927, -7.0838127, 1]
1080 1463226204.8745195866 0.0000000000
[-0.95181811, -0.30414999, -0.039180055, 0;
 -0.2308532, 0.62654698, 0.74440962, 0;
 -0.20186403, 0.71758741, -0.66657275, 0;
 -8.988925, 2.1410961, -8.0084991, 1]
1088 1463226205.2548186779 0.0000000000
[-0.95326841, -0.24691422, -0.17410547, 0;
 -0.29371461, 0.62235868, 0.72553527, 0;
 -0.070788927, 0.74276716, -0.66579717, 0;
 -7.8961034, 2.8747139, -9.2135658, 1]
1092 1463226205.4437823296 0.0000000000
[-0.94539285, -0.22668336, -0.2341945, 0;
 -0.32553807, 0.62134713, 0.71270806, 0;
 -0.016042974, 0.75002825, -0.66121113, 0;
 -7.365344, 3.112977, -9.7202044, 1]
1097 1463226205.6817800999 0.0000000000
[-0.93786502, -0.22341128, -0.26551208, 0;
 -0.34692496, 0.61965108, 0.70404232, 0;
 0.0072338427, 0.75240946, -0.658656, 0;
 -7.173049, 3.1873605, -10.027434, 1]
1103 1463226205.9676835537 0.0000000000
[-0.92027408, -0.18348797, -0.34558332, 0;
 -0.38268387, 0.60614663, 0.69723696, 0;
 0.081539571, 0.77389824, -0.62803888, 0;
 -6.4095736, 3.7760775, -10.517043, 1]
1110 1463226206.2980046272 0.0000000000
[-0.86708319, -0.1344253, -0.47968388, 0;
 -0.45881861, 0.59056139, 0.6638695, 0;
 0.19404191, 0.79571795, -0.57374269, 0;
 -4.9071927, 4.4435701, -11.265336, 1]
1115 1463226206.5346000195 0.0000000000
[-0.80202579, -0.099079385, -0.58901435, 0;
 -0.52403611, 0.58991498, 0.61431789, 0;
 0.28660217, 0.80136359, -0.5250482, 0;
 -3.4454255, 4.8388262, -11.781208, 1]
1119 1463226206.7239980698 0.0000000000
[-0.75856978, -0.059566423, -0.64886343, 0;
 -0.54867858, 0.59552068, 0.58677673, 0;
 0.35145941, 0.80112851, -0.48442683, 0;
 -2.4883068, 5.1972566, -11.957496, 1]
1124 1463226206.9615609646 0.0000000000
[-0.70041764, -0.038056117, -0.71271795, 0;
 -0.58223182, 0.6080395, 0.53971672, 0;
 0.41282111, 0.79299414, -0.44803905, 0;
 -1.4370258, 5.2920871, -12.198071, 1]
1129 1463226207.1981737614 0.0000000000
[-0.62921208, -0.0142737, -0.77710259, 0;
 -0.63032132, 0.59434575, 0.49944791, 0;
 0.45473862, 0.80408299, -0.38296652, 0;
 -0.40311939, 5.6599069, -12.20449, 1]
1133 1463226207.3878233433 0.0000000000
[-0.55804658, 0.02411185, -0.82945925, 0;
 -0.65555191, 0.6000343, 0.45848718, 0;
 0.50875896, 0.79961079, -0.31904054, 0;
 0.73031563, 5.9830837, -12.098339, 1]
1137 1463226207.5776386261 0.0000000000
[-0.46779916, 0.079873927, -0.88021821, 0;
 -0.66045803, 0.63021666, 0.40819377, 0;
 0.58733225, 0.77229989, -0.24206145, 0;
 2.2390091, 6.2131119, -11.863632, 1]
1140 1463226207.7198045254 0.0000000000
[-0.39606404, 0.11721277, -0.91071093, 0;
 -0.66502392, 0.64727837, 0.37252364, 0;
 0.63314801, 0.75318784, -0.17841437, 0;
 3.3004024, 6.3806238, -11.585227, 1]
1144 1463226207.9106571674 0.0000000000
[-0.28154948, 0.13431707, -0.95009935, 0;
 -0.69439197, 0.65483415, 0.2983489, 0;
 0.66223085, 0.74374133, -0.091099523, 0;
 4.6833391, 6.4813614, -11.115216, 1]
1147 1463226208.0515744686 0.0000000000
[-0.24090576, 0.1224689, -0.96279061, 0;
 -0.69715017, 0.66833127, 0.25945133, 0;
 0.67523777, 0.73371297, -0.075625636, 0;
 5.1642823, 6.270689, -11.07946, 1]
1151 1463226208.2442114353 0.0000000000
[-0.20158885, 0.069093928, -0.97703016, 0;
 -0.71307379, 0.67349535, 0.19475567, 0;
 0.67148173, 0.73595518, -0.086500086, 0;
 5.5044031, 5.7759809, -11.272139, 1]
1155 1463226208.4310705662 0.0000000000
[-0.14066675, -0.0060490272, -0.99003851, 0;
 -0.71478927, 0.69253421, 0.097327463, 0;
 0.68504679, 0.72135967, -0.10174032, 0;
 6.18468, 4.8705821, -11.424016, 1]
1159 1463226208.6216928959 0.0000000000
[-0.10980994, -0.063787751, -0.99190366, 0;
 -0.72134119, 0.69167578, 0.035376411, 0;
 0.68381917, 0.71938568, -0.1219656, 0;
 6.4515972, 4.3012586, -11.568942, 1]
1163 1463226208.8104226589 0.0000000000
[-0.13428442, -0.1364215, -0.98150742, 0;
 -0.73970258, 0.67289019, 0.0076757991, 0;
 0.65939957, 0.72705436, -0.19127001, 0;
 5.9785914, 3.6972826, -12.083853, 1]
1167 1463226209.0000896454 0.0000000000
[-0.13196997, -0.20451114, -0.96992737, 0;
 -0.75276625, 0.6572935, -0.036169, 0;
 0.64492393, 0.72535539, -0.24069209, 0;
 5.8861465, 3.0393956, -12.366525, 1]
1172 1463226209.2372210026 0.0000000000
[-0.12667184, -0.32991156, -0.93547451, 0;
 -0.72039223, 0.67890024, -0.1418784, 0;
 0.68190122, 0.6559366, -0.32366326, 0;
 6.2075567, 1.1184254, -12.596179, 1]
1177 1463226209.4742805958 0.0000000000
[-0.15197462, -0.38997993, -0.90819567, 0;
 -0.70291567, 0.688622, -0.17807113, 0;
 0.6948477, 0.61132264, -0.37877607, 0;
 6.0393291, 0.11432595, -12.774128, 1]
1183 1463226209.7588174343 0.0000000000
[-0.32091486, -0.4898048, -0.81062007, 0;
 -0.69229084, 0.70539522, -0.15215455, 0;
 0.64633352, 0.51235622, -0.56545919, 0;
 3.8381846, -1.8175515, -13.501807, 1]
1196 1463226210.3769400120 0.0000000000
[-0.64028817, -0.56896198, -0.51605552, 0;
 -0.61872357, 0.78014904, -0.092458628, 0;
 0.45520565, 0.26009554, -0.8515504, 0;
 -1.24119, -5.0429606, -13.102625, 1]
1208 1463226210.9443132877 0.0000000000
[-0.85041273, -0.45535505, -0.26353362, 0;
 -0.50296032, 0.85060906, 0.15328115, 0;
 0.15436673, 0.26289919, -0.95239431, 0;
 -6.4451036, -3.9732664, -11.896502, 1]
1248 1463226212.8434145451 0.0000000000
[-0.90823394, -0.4163357, -0.04213905, 0;
 -0.32291934, 0.63325721, 0.70335507, 0;
 -0.26614699, 0.65241849, -0.70958853, 0;
 -11.218842, 0.34784618, -9.072917, 1]
1256 1463226213.2222380638 0.0000000000
[-0.92356777, -0.36940286, -0.10278174, 0;
 -0.34102526, 0.6688168, 0.66059506, 0;
 -0.17528357, 0.64515549, -0.74367332, 0;
 -10.386747, 0.75464797, -10.113636, 1]
1264 1463226213.6000301838 0.0000000000
[-0.91589576, -0.39860401, -0.047432333, 0;
 -0.33650252, 0.69798046, 0.6321308, 0;
 -0.21886303, 0.59492701, -0.77340859, 0;
 -10.686725, -0.04003071, -9.991087, 1]
1272 1463226213.9790587425 0.0000000000
[-0.89025718, -0.42820185, 0.15519461, 0;
 -0.22647908, 0.71182406, 0.66484112, 0;
 -0.39515746, 0.55673122, -0.73068523, 0;
 -12.421573, -0.6828481, -7.8098683, 1]
1278 1463226214.2636935711 0.0000000000
[-0.89048684, -0.41243428, 0.1921749, 0;
 -0.20624, 0.74233615, 0.63749677, 0;
 -0.40558389, 0.52804834, -0.74610096, 0;
 -12.528965, -0.85109228, -7.7146473, 1]
1285 1463226214.5985553265 0.0000000000
[-0.86204314, -0.41213873, 0.29499707, 0;
 -0.1383232, 0.75125104, 0.64535922, 0;
 -0.4875944, 0.5155226, -0.70461917, 0;
 -13.256949, -0.95612317, -6.4910135, 1]
1291 1463226214.8836159706 0.0000000000
[-0.8342604, -0.40832254, 0.37051618, 0;
 -0.098565467, 0.7716108, 0.62841201, 0;
 -0.54248905, 0.48773915, -0.68397087, 0;
 -13.683689, -1.2268795, -5.6897988, 1]
1298 1463226215.2120292187 0.0000000000
[-0.77017117, -0.41992071, 0.48010728, 0;
 -0.028214253, 0.7744031, 0.63206309, 0;
 -0.63721299, 0.4732509, -0.6082707, 0;
 -14.30461, -1.4492528, -4.0397286, 1]
1304 1463226215.4964461327 0.0000000000
[-0.73492914, -0.44975993, 0.50753832, 0;
 -0.058117934, 0.78744191, 0.61364281, 0;
 -0.67564893, 0.42148691, -0.60485315, 0;
 -14.31072, -2.3084137, -3.8879607, 1]
1311 1463226215.8285801411 0.0000000000
[-0.67374814, -0.41473055, 0.61160612, 0;
 0.022372605, 0.81582916, 0.57786006, 0;
 -0.73862231, 0.40301538, -0.54038477, 0;
 -14.745564, -2.2359099, -2.2752495, 1]
1317 1463226216.1147160530 0.0000000000
[-0.62708622, -0.43576661, 0.64565498, 0;
 0.015204709, 0.82187319, 0.56946754, 0;
 -0.77880144, 0.36692223, -0.50875968, 0;
 -14.817445, -2.8480923, -1.7597609, 1]
1324 1463226216.4449684620 0.0000000000
[-0.5267756, -0.45095047, 0.72052145, 0;
 0.056831058, 0.82708591, 0.55919504, 0;
 -0.84810239, 0.3355183, -0.4100607, 0;
 -14.898468, -3.3475473, -0.087217398, 1]
1328 1463226216.6345787048 0.0000000000
[-0.5091449, -0.45515385, 0.73048371, 0;
 -0.017725481, 0.8540929, 0.51981837, 0;
 -0.86049825, 0.25171468, -0.44292486, 0;
 -14.661018, -4.4573574, -0.36383948, 1]
1332 1463226216.8245499134 0.0000000000
[-0.51384795, -0.46985391, 0.71777266, 0;
 -0.02162114, 0.84350777, 0.53668165, 0;
 -0.8576088, 0.2602537, -0.4435935, 0;
 -14.708152, -4.4387832, -0.67672443, 1]
1336 1463226217.0139296055 0.0000000000
[-0.55165148, -0.44370645, 0.70626146, 0;
 -0.021772856, 0.85413247, 0.5195995, 0;
 -0.83379048, 0.2712605, -0.4808442, 0;
 -14.815538, -4.0972986, -1.2696011, 1]
1340 1463226217.2049109936 0.0000000000
[-0.53178024, -0.44505554, 0.72051048, 0;
 -0.014744573, 0.85551643, 0.51756567, 0;
 -0.84675401, 0.26460758, -0.4615089, 0;
 -14.849496, -4.1889319, -1.0301065, 1]
1348 1463226217.5852696896 0.0000000000
[-0.46070755, -0.41320807, 0.78549832, 0;
 0.0099420017, 0.88255858, 0.47009733, 0;
 -0.88749629, 0.22438681, -0.40249327, 0;
 -14.867221, -4.4395576, 0.21192431, 1]
1353 1463226217.8199784756 0.0000000000
[-0.41974664, -0.3299349, 0.84555054, 0;
 0.05744436, 0.9200666, 0.38752759, 0;
 -0.90582168, 0.21123551, -0.36724195, 0;
 -14.942027, -4.0093207, 1.3518362, 1]
1358 1463226218.0572187901 0.0000000000
[-0.41008899, -0.31162339, 0.85715687, 0;
 0.039561987, 0.93285561, 0.35807163, 0;
 -0.91118705, 0.18075205, -0.37022534, 0;
 -14.885375, -4.267581, 1.3779935, 1]
1362 1463226218.2466993332 0.0000000000
[-0.41891056, -0.32375312, 0.84835011, 0;
 0.07658612, 0.91835129, 0.38828525, 0;
 -0.90479195, 0.22762863, -0.35991207, 0;
 -15.060955, -3.7308476, 1.1965318, 1]
1367 1463226218.4839401245 0.0000000000
[-0.36100036, -0.27366653, 0.89150733, 0;
 0.15341917, 0.92551941, 0.34623167, 0;
 -0.91985941, 0.26176408, -0.29212716, 0;
 -15.103929, -2.9197598, 2.4252672, 1]
1372 1463226218.7209765911 0.0000000000
[-0.19289999, -0.24203731, 0.95089829, 0;
 0.20203546, 0.9385367, 0.27987593, 0;
 -0.96019334, 0.24610323, -0.1321436, 0;
 -14.416605, -2.8892505, 5.0651617, 1]
1378 1463226219.0055675507 0.0000000000
[0.078068733, -0.23896459, 0.9678849, 0;
 0.26971039, 0.93970734, 0.21025313, 0;
 -0.95977163, 0.24463442, 0.13781299, 0;
 -12.472644, -2.8573887, 8.7594013, 1]
1382 1463226219.1951811314 0.0000000000
[0.21036223, -0.17480308, 0.96186882, 0;
 0.30612284, 0.9461835, 0.10500298, 0;
 -0.92845923, 0.27236134, 0.25255248, 0;
 -11.186003, -2.0021014, 10.526037, 1]
1386 1463226219.3881223202 0.0000000000
[0.28939679, -0.15516749, 0.94454885, 0;
 0.33567744, 0.94055909, 0.051665105, 0;
 -0.89642072, 0.30211204, 0.32428101, 0;
 -10.318954, -1.4160246, 11.456032, 1]
1390 1463226219.5755767822 0.0000000000
[0.3286033, -0.15701225, 0.93132544, 0;
 0.32570454, 0.94443309, 0.044302437, 0;
 -0.88653058, 0.28877899, 0.36148342, 0;
 -9.908287, -1.5819721, 11.81103, 1]
1400 1463226220.0494332314 0.0000000000
[0.47541246, -0.066538826, 0.87724316, 0;
 0.34027538, 0.93343776, -0.11360738, 0;
 -0.81129259, 0.35251459, 0.46640944, 0;
 -8.0532236, 0.064449802, 13.3347, 1]
1403 1463226220.1910440922 0.0000000000
[0.50218868, -0.0064875265, 0.86473376, 0;
 0.32273787, 0.92912614, -0.18045735, 0;
 -0.80227602, 0.36970598, 0.4686904, 0;
 -7.720325, 0.79257834, 13.547201, 1]
1409 1463226220.4754562378 0.0000000000
[0.52199709, 0.055025216, 0.85117054, 0;
 0.33954376, 0.90203309, -0.26654518, 0;
 -0.78245068, 0.42814544, 0.45217517, 0;
 -7.5091667, 2.1353893, 13.580842, 1]
1412 1463226220.6178474426 0.0000000000
[0.52616727, 0.056818541, 0.84848076, 0;
 0.33402497, 0.90376216, -0.26765892, 0;
 -0.78203279, 0.42424715, 0.45655125, 0;
 -7.5162983, 2.0578847, 13.612839, 1]
1416 1463226220.8095366955 0.0000000000
[0.56869066, 0.075976767, 0.81903511, 0;
 0.27582392, 0.92046005, -0.27690151, 0;
 -0.77492714, 0.38338077, 0.50250083, 0;
 -6.9204521, 1.5628041, 14.011707, 1]
1420 1463226220.9978361130 0.0000000000
[0.61325473, 0.049105488, 0.78835732, 0;
 0.25073209, 0.93434608, -0.2532407, 0;
 -0.74903411, 0.35296753, 0.56067979, 0;
 -6.1945915, 0.85845971, 14.430633, 1]
1423 1463226221.1413903236 0.0000000000
[0.64590424, 0.027939973, 0.76290697, 0;
 0.2377584, 0.9422673, -0.23580343, 0;
 -0.72545063, 0.33369398, 0.60197151, 0;
 -5.6210608, 0.38314274, 14.712907, 1]
1430 1463226221.4714338779 0.0000000000
[0.73081321, -0.0020697676, 0.68257439, 0;
 0.23030913, 0.94210082, -0.24372879, 0;
 -0.64254946, 0.33532333, 0.68897641, 0;
 -3.9458373, 0.12508333, 15.382536, 1]
1435 1463226221.7096645832 0.0000000000
[0.80833721, -0.020210229, 0.58837277, 0;
 0.18860683, 0.95562494, -0.22629279, 0;
 -0.55769026, 0.293892, 0.77627897, 0;
 -2.068893, -0.65210837, 15.823156, 1]
1446 1463226222.2318246365 0.0000000000
[0.8716715, -0.11612093, 0.47613516, 0;
 0.18013181, 0.97943288, -0.09090507, 0;
 -0.45578647, 0.16500646, 0.87466085, 0;
 -0.17193151, -3.3265254, 15.808009, 1]
1451 1463226222.4692442417 0.0000000000
[0.90868229, -0.12872992, 0.39714617, 0;
 0.15106143, 0.98820007, -0.025320478, 0;
 -0.38920036, 0.083001733, 0.91740602, 0;
 1.1489648, -4.6272106, 15.50744, 1]
1457 1463226222.7517409325 0.0000000000
[0.92764288, -0.099107906, 0.36007828, 0;
 0.12923229, 0.98976654, -0.060508266, 0;
 -0.35039657, 0.10266379, 0.93095779, 0;
 1.8758665, -4.2034774, 15.6553, 1]
1462 1463226222.9916605949 0.0000000000
[0.91324484, -0.10853023, 0.39268947, 0;
 0.13582058, 0.98983002, -0.042300519, 0;
 -0.38410491, 0.09196604, 0.91869783, 0;
 1.1924888, -4.4719582, 15.732903, 1]
1468 1463226223.2732131481 0.0000000000
[0.89335728, -0.16520111, 0.4178772, 0;
 0.19694136, 0.97983706, -0.033667367, 0;
 -0.40388969, 0.11237429, 0.90787947, 0;
 0.36390039, -4.6205463, 15.818512, 1]
